Hora,Nivel de oxígeno,Frecuencia de pulso,Movimiento,Recordatorio de O2,Recordatorio de PR
13:54:15 Sep 30 2024,95,69,1,0,0
13:54:19 Sep 30 2024,95,73,1,0,0
13:54:23 Sep 30 2024,95,71,0,0,0
13:54:27 Sep 30 2024,95,72,1,0,0
13:54:31 Sep 30 2024,95,77,1,0,0
13:54:35 Sep 30 2024,95,74,1,0,0
13:54:39 Sep 30 2024,95,74,0,0,0
13:54:43 Sep 30 2024,96,78,1,0,0
13:54:47 Sep 30 2024,96,78,0,0,0
13:54:51 Sep 30 2024,96,78,1,0,0
13:54:55 Sep 30 2024,96,77,1,0,0
13:54:59 Sep 30 2024,95,76,1,0,0
13:55:03 Sep 30 2024,95,75,1,0,0
13:55:07 Sep 30 2024,95,76,1,0,0
13:55:11 Sep 30 2024,96,77,1,0,0
13:55:15 Sep 30 2024,96,75,1,0,0
13:55:19 Sep 30 2024,95,73,1,0,0
13:55:23 Sep 30 2024,95,73,1,0,0
13:55:27 Sep 30 2024,95,75,1,0,0
13:55:31 Sep 30 2024,95,76,1,0,0
13:55:35 Sep 30 2024,95,76,1,0,0
13:55:39 Sep 30 2024,95,76,1,0,0
13:55:43 Sep 30 2024,95,77,1,0,0
13:55:47 Sep 30 2024,95,75,1,0,0
13:55:51 Sep 30 2024,95,76,3,0,0
13:55:55 Sep 30 2024,95,78,0,0,0
13:55:59 Sep 30 2024,95,79,4,0,0
13:56:03 Sep 30 2024,96,77,1,0,0
13:56:07 Sep 30 2024,96,78,1,0,0
13:56:11 Sep 30 2024,95,78,1,0,0
13:56:15 Sep 30 2024,95,77,1,0,0
13:56:19 Sep 30 2024,95,75,5,0,0
13:56:23 Sep 30 2024,95,75,7,0,0
