Hora,Nivel de oxígeno,Frecuencia de pulso,Movimiento,Recordatorio de O2,Recordatorio de PR
13:12:37 Oct 22 2024,95,70,0,0,0
13:12:41 Oct 22 2024,96,72,0,0,0
13:12:45 Oct 22 2024,96,71,0,0,0
13:12:49 Oct 22 2024,96,73,0,0,0
13:12:53 Oct 22 2024,97,75,0,0,0
13:12:57 Oct 22 2024,97,75,0,0,0
13:13:01 Oct 22 2024,96,72,0,0,0
13:13:05 Oct 22 2024,96,69,0,0,0
13:13:09 Oct 22 2024,96,72,0,0,0
13:13:13 Oct 22 2024,95,69,0,0,0
13:13:17 Oct 22 2024,94,69,0,0,0
13:13:21 Oct 22 2024,94,69,0,0,0
13:13:25 Oct 22 2024,94,69,0,0,0
13:13:29 Oct 22 2024,94,72,0,0,0
13:13:33 Oct 22 2024,95,71,0,0,0
13:13:37 Oct 22 2024,95,68,0,0,0
13:13:41 Oct 22 2024,95,68,0,0,0
13:13:45 Oct 22 2024,96,63,0,0,0
13:13:49 Oct 22 2024,96,64,0,0,0
13:13:53 Oct 22 2024,96,64,0,0,0
13:13:57 Oct 22 2024,97,68,1,0,0
13:14:01 Oct 22 2024,96,70,0,0,0
13:14:05 Oct 22 2024,96,73,0,0,0
13:14:09 Oct 22 2024,96,75,0,0,0
13:14:13 Oct 22 2024,96,73,0,0,0
13:14:17 Oct 22 2024,94,75,0,0,0
13:14:21 Oct 22 2024,94,75,20,0,0

