Hora,Nivel de oxígeno,Frecuencia de pulso,Movimiento,Recordatorio de O2,Recordatorio de PR
12:41:00 Oct 07 2024,96,64,1,0,0
12:41:04 Oct 07 2024,95,62,1,0,0
12:41:08 Oct 07 2024,93,63,1,0,0
12:41:12 Oct 07 2024,93,61,1,0,0
12:41:16 Oct 07 2024,94,56,1,0,0
12:41:20 Oct 07 2024,95,56,1,0,0
12:41:24 Oct 07 2024,95,56,1,0,0
12:41:28 Oct 07 2024,95,54,1,0,0
12:41:32 Oct 07 2024,95,55,1,0,0
12:41:36 Oct 07 2024,96,57,1,0,0
12:41:40 Oct 07 2024,96,56,1,0,0
12:41:44 Oct 07 2024,95,56,1,0,0
12:41:48 Oct 07 2024,95,58,1,0,0
12:41:52 Oct 07 2024,95,57,1,0,0
12:41:56 Oct 07 2024,95,57,1,0,0
12:42:00 Oct 07 2024,95,57,1,0,0
12:42:04 Oct 07 2024,95,55,1,0,0
12:42:08 Oct 07 2024,95,55,1,0,0
12:42:12 Oct 07 2024,95,55,1,0,0
12:42:16 Oct 07 2024,95,56,1,0,0
12:42:20 Oct 07 2024,95,58,1,0,0
12:42:24 Oct 07 2024,95,59,1,0,0
12:42:28 Oct 07 2024,95,58,1,0,0
12:42:32 Oct 07 2024,95,59,1,0,0
12:42:36 Oct 07 2024,95,59,1,0,0
12:42:40 Oct 07 2024,95,58,1,0,0
12:42:44 Oct 07 2024,95,56,1,0,0
12:42:48 Oct 07 2024,95,59,1,0,0
12:42:52 Oct 07 2024,95,60,1,0,0
12:42:56 Oct 07 2024,95,56,1,0,0
12:43:00 Oct 07 2024,95,58,1,0,0
12:43:04 Oct 07 2024,95,60,1,0,0
12:43:08 Oct 07 2024,95,61,1,0,0
12:43:12 Oct 07 2024,95,59,1,0,0
12:43:16 Oct 07 2024,95,66,1,0,0
12:43:20 Oct 07 2024,95,68,1,0,0
12:43:24 Oct 07 2024,95,62,1,0,0
12:43:28 Oct 07 2024,96,60,4,0,0

