Hora,Nivel de oxígeno,Frecuencia de pulso,Movimiento,Recordatorio de O2,Recordatorio de PR
13:45:31 Oct 22 2024,96,74,1,0,0
13:45:35 Oct 22 2024,95,74,1,0,0
13:45:39 Oct 22 2024,95,75,1,0,0
13:45:43 Oct 22 2024,95,76,0,0,0
13:45:47 Oct 22 2024,95,77,1,0,0
13:45:51 Oct 22 2024,95,74,1,0,0
13:45:55 Oct 22 2024,95,71,1,0,0
13:45:59 Oct 22 2024,95,71,1,0,0
13:46:03 Oct 22 2024,95,73,1,0,0
13:46:07 Oct 22 2024,95,73,1,0,0
13:46:11 Oct 22 2024,94,72,1,0,0
13:46:15 Oct 22 2024,95,74,1,0,0
13:46:19 Oct 22 2024,95,78,1,0,0
13:46:23 Oct 22 2024,95,77,1,0,0
13:46:27 Oct 22 2024,95,74,1,0,0
13:46:31 Oct 22 2024,95,75,1,0,0
13:46:35 Oct 22 2024,95,75,0,0,0
13:46:39 Oct 22 2024,95,76,1,0,0
13:46:43 Oct 22 2024,95,74,1,0,0
13:46:47 Oct 22 2024,95,76,0,0,0
13:46:51 Oct 22 2024,95,80,1,0,0
13:46:55 Oct 22 2024,95,80,1,0,0

