Hora,Nivel de oxígeno,Frecuencia de pulso,Movimiento,Recordatorio de O2,Recordatorio de PR
14:00:18 Oct 14 2024,96,88,1,0,0
14:00:22 Oct 14 2024,97,79,1,0,0
14:00:26 Oct 14 2024,97,72,1,0,0
14:00:30 Oct 14 2024,97,70,1,0,0
14:00:34 Oct 14 2024,97,74,1,0,0
14:00:38 Oct 14 2024,97,80,1,0,0
14:00:42 Oct 14 2024,96,77,1,0,0
14:00:46 Oct 14 2024,96,70,0,0,0
14:00:50 Oct 14 2024,94,70,1,0,0
14:00:54 Oct 14 2024,93,75,1,0,0
14:00:58 Oct 14 2024,93,77,1,0,0
14:01:02 Oct 14 2024,93,79,1,0,0
14:01:06 Oct 14 2024,94,74,1,0,0
14:01:10 Oct 14 2024,94,79,1,0,0
14:01:14 Oct 14 2024,93,80,1,0,0
14:01:18 Oct 14 2024,93,84,0,0,0
14:01:22 Oct 14 2024,93,83,1,0,0
14:01:26 Oct 14 2024,93,86,1,0,0
14:01:30 Oct 14 2024,94,87,1,0,0
14:01:34 Oct 14 2024,93,90,1,0,0
14:01:38 Oct 14 2024,93,92,1,0,0
14:01:42 Oct 14 2024,94,95,1,0,0
14:01:46 Oct 14 2024,94,97,1,0,0
14:01:50 Oct 14 2024,93,94,1,0,0
14:01:54 Oct 14 2024,93,88,1,0,0
14:01:58 Oct 14 2024,93,91,0,0,0
14:02:02 Oct 14 2024,93,95,1,0,0
14:02:06 Oct 14 2024,94,86,1,0,0
14:02:10 Oct 14 2024,94,76,1,0,0
14:02:14 Oct 14 2024,94,74,6,0,0

