Hora,Nivel de oxígeno,Frecuencia de pulso,Movimiento,Recordatorio de O2,Recordatorio de PR
14:00:57 Oct 08 2024,89,94,22,0,0
14:01:01 Oct 08 2024,87,92,24,0,0
14:01:05 Oct 08 2024,87,91,23,0,0
14:01:09 Oct 08 2024,88,91,22,0,0
14:01:13 Oct 08 2024,89,91,23,0,0
14:01:17 Oct 08 2024,89,91,22,0,0
14:01:21 Oct 08 2024,89,91,25,0,0
14:01:25 Oct 08 2024,89,92,36,0,0
14:01:29 Oct 08 2024,89,91,21,0,0
14:01:33 Oct 08 2024,89,91,20,0,0
14:01:37 Oct 08 2024,89,87,19,0,0
14:01:41 Oct 08 2024,89,82,1,0,0
14:01:45 Oct 08 2024,90,83,1,0,0
14:01:49 Oct 08 2024,90,82,1,0,0
14:01:53 Oct 08 2024,90,84,1,0,0
14:01:57 Oct 08 2024,90,85,1,0,0
14:02:01 Oct 08 2024,90,86,1,0,0
14:02:05 Oct 08 2024,90,89,1,0,0
14:02:09 Oct 08 2024,91,87,1,0,0
14:02:13 Oct 08 2024,91,85,1,0,0
14:02:17 Oct 08 2024,91,89,1,0,0
14:02:21 Oct 08 2024,91,93,1,0,0
14:02:25 Oct 08 2024,91,92,1,0,0
14:02:29 Oct 08 2024,91,91,1,0,0
14:02:33 Oct 08 2024,91,92,1,0,0
14:02:37 Oct 08 2024,91,93,1,0,0
14:02:41 Oct 08 2024,91,92,1,0,0
14:02:45 Oct 08 2024,90,92,1,0,0
14:02:49 Oct 08 2024,90,93,1,0,0
14:02:53 Oct 08 2024,90,93,1,0,0
14:02:57 Oct 08 2024,90,87,1,0,0
14:03:01 Oct 08 2024,90,85,2,0,0

