Hora,Nivel de oxígeno,Frecuencia de pulso,Movimiento,Recordatorio de O2,Recordatorio de PR
12:22:08 Oct 09 2024,95,71,1,0,0
12:22:12 Oct 09 2024,95,71,1,0,0
12:22:16 Oct 09 2024,94,73,1,0,0
12:22:20 Oct 09 2024,94,74,1,0,0
12:22:24 Oct 09 2024,94,74,0,0,0
12:22:28 Oct 09 2024,94,73,1,0,0
12:22:32 Oct 09 2024,94,75,1,0,0
12:22:36 Oct 09 2024,94,76,0,0,0
12:22:40 Oct 09 2024,94,74,1,0,0
12:22:44 Oct 09 2024,95,75,1,0,0
12:22:48 Oct 09 2024,95,78,1,0,0
12:22:52 Oct 09 2024,94,80,1,0,0
12:22:56 Oct 09 2024,95,79,1,0,0
12:23:00 Oct 09 2024,95,78,1,0,0
12:23:04 Oct 09 2024,95,80,1,0,0
12:23:08 Oct 09 2024,94,82,1,0,0
12:23:12 Oct 09 2024,94,82,1,0,0
12:23:16 Oct 09 2024,94,82,0,0,0
12:23:20 Oct 09 2024,94,83,1,0,0
12:23:24 Oct 09 2024,95,82,0,0,0
12:23:28 Oct 09 2024,95,80,1,0,0
12:23:32 Oct 09 2024,94,79,10,0,0

