Hora,Nivel de oxígeno,Frecuencia de pulso,Movimiento,Recordatorio de O2,Recordatorio de PR
12:43:18 Oct 08 2024,95,99,1,0,0
12:43:22 Oct 08 2024,95,100,1,0,0
12:43:26 Oct 08 2024,96,102,1,0,0
12:43:30 Oct 08 2024,96,100,1,0,0
12:43:34 Oct 08 2024,95,97,1,0,0
12:43:38 Oct 08 2024,95,99,1,0,0
12:43:42 Oct 08 2024,95,95,1,0,0
12:43:46 Oct 08 2024,95,88,1,0,0
12:43:50 Oct 08 2024,95,89,3,0,0
12:43:54 Oct 08 2024,95,102,1,0,0
12:43:58 Oct 08 2024,95,108,1,0,0
12:44:02 Oct 08 2024,95,107,1,0,0
12:44:06 Oct 08 2024,95,108,1,0,0
12:44:10 Oct 08 2024,95,106,1,0,0
12:44:14 Oct 08 2024,95,103,1,0,0
12:44:18 Oct 08 2024,95,106,1,0,0
12:44:22 Oct 08 2024,96,104,0,0,0
12:44:26 Oct 08 2024,96,103,1,0,0
12:44:30 Oct 08 2024,96,103,1,0,0
12:44:34 Oct 08 2024,96,101,1,0,0
12:44:38 Oct 08 2024,95,102,1,0,0
12:44:42 Oct 08 2024,94,104,1,0,0
12:44:46 Oct 08 2024,95,104,1,0,0
12:44:50 Oct 08 2024,96,100,1,0,0
12:44:54 Oct 08 2024,96,101,1,0,0
12:44:58 Oct 08 2024,96,102,1,0,0
12:45:02 Oct 08 2024,96,103,1,0,0
12:45:06 Oct 08 2024,95,109,1,0,0
12:45:10 Oct 08 2024,95,112,1,0,0
12:45:14 Oct 08 2024,94,109,0,0,0
12:45:18 Oct 08 2024,94,107,1,0,0
12:45:22 Oct 08 2024,95,106,0,0,0
12:45:26 Oct 08 2024,95,103,19,0,0

