Hora,Nivel de oxígeno,Frecuencia de pulso,Movimiento,Recordatorio de O2,Recordatorio de PR
13:04:36 Oct 07 2024,96,54,1,0,0
13:04:40 Oct 07 2024,95,53,1,0,0
13:04:44 Oct 07 2024,95,50,0,0,0
13:04:48 Oct 07 2024,95,46,1,0,0
13:04:52 Oct 07 2024,96,46,1,0,0
13:04:56 Oct 07 2024,96,48,0,0,0
13:05:00 Oct 07 2024,97,49,0,0,0
13:05:04 Oct 07 2024,96,50,1,0,0
13:05:08 Oct 07 2024,96,51,0,0,0
13:05:12 Oct 07 2024,96,50,0,0,0
13:05:16 Oct 07 2024,95,50,1,0,0
13:05:20 Oct 07 2024,95,50,1,0,0
13:05:24 Oct 07 2024,95,49,1,0,0
13:05:28 Oct 07 2024,96,48,1,0,0
13:05:32 Oct 07 2024,96,49,0,0,0
13:05:36 Oct 07 2024,96,52,0,0,0
13:05:40 Oct 07 2024,96,51,1,0,0
13:05:44 Oct 07 2024,96,48,1,0,0
13:05:48 Oct 07 2024,97,50,1,0,0
13:05:52 Oct 07 2024,96,51,0,0,0
13:05:56 Oct 07 2024,96,50,1,0,0
13:06:00 Oct 07 2024,96,49,0,0,0
13:06:04 Oct 07 2024,97,50,1,0,0
13:06:08 Oct 07 2024,96,50,0,0,0
13:06:12 Oct 07 2024,96,50,1,0,0
13:06:16 Oct 07 2024,96,48,0,0,0
13:06:20 Oct 07 2024,96,48,1,0,0
13:06:24 Oct 07 2024,96,48,0,0,0
13:06:28 Oct 07 2024,96,46,1,0,0
13:06:32 Oct 07 2024,97,47,0,0,0
13:06:36 Oct 07 2024,96,49,1,0,0
13:06:40 Oct 07 2024,96,51,1,0,0
13:06:44 Oct 07 2024,96,50,0,0,0
13:06:48 Oct 07 2024,96,48,1,0,0
13:06:52 Oct 07 2024,95,47,2,0,0
13:06:56 Oct 07 2024,95,47,61,0,0

