Hora,Nivel de oxígeno,Frecuencia de pulso,Movimiento,Recordatorio de O2,Recordatorio de PR
15:37:22 Oct 03 2024,95,96,1,0,0
15:37:26 Oct 03 2024,95,96,1,0,0
15:37:30 Oct 03 2024,94,93,1,0,0
15:37:34 Oct 03 2024,94,91,1,0,0
15:37:38 Oct 03 2024,94,93,1,0,0
15:37:42 Oct 03 2024,95,96,1,0,0
15:37:46 Oct 03 2024,94,96,1,0,0
15:37:50 Oct 03 2024,94,98,1,0,0
15:37:54 Oct 03 2024,94,101,1,0,0
15:37:58 Oct 03 2024,93,100,1,0,0
15:38:02 Oct 03 2024,93,99,1,0,0
15:38:06 Oct 03 2024,94,99,1,0,0
15:38:10 Oct 03 2024,94,100,1,0,0
15:38:14 Oct 03 2024,94,101,1,0,0
15:38:18 Oct 03 2024,94,99,1,0,0
15:38:22 Oct 03 2024,94,95,1,0,0
15:38:26 Oct 03 2024,94,92,1,0,0
15:38:30 Oct 03 2024,95,90,1,0,0
15:38:34 Oct 03 2024,95,90,1,0,0
15:38:38 Oct 03 2024,95,92,1,0,0
15:38:42 Oct 03 2024,95,95,1,0,0
15:38:46 Oct 03 2024,95,94,1,0,0
15:38:50 Oct 03 2024,95,92,1,0,0
15:38:54 Oct 03 2024,94,91,1,0,0
15:38:58 Oct 03 2024,94,93,1,0,0
15:39:02 Oct 03 2024,94,95,1,0,0
15:39:06 Oct 03 2024,94,93,1,0,0
15:39:10 Oct 03 2024,94,93,1,0,0
15:39:14 Oct 03 2024,94,92,1,0,0
15:39:18 Oct 03 2024,94,92,1,0,0
15:39:22 Oct 03 2024,94,94,1,0,0
15:39:26 Oct 03 2024,95,97,1,0,0
15:39:30 Oct 03 2024,95,92,1,0,0
