Hora,Nivel de oxígeno,Frecuencia de pulso,Movimiento,Recordatorio de O2,Recordatorio de PR
11:11:46 Oct 22 2024,93,71,0,0,0
11:11:50 Oct 22 2024,93,72,0,0,0
11:11:54 Oct 22 2024,93,71,0,0,0
11:11:58 Oct 22 2024,94,69,1,0,0
11:12:02 Oct 22 2024,94,70,1,0,0
11:12:06 Oct 22 2024,93,76,1,0,0
11:12:10 Oct 22 2024,93,79,0,0,0
11:12:14 Oct 22 2024,92,71,1,0,0
11:12:18 Oct 22 2024,92,69,0,0,0
11:12:22 Oct 22 2024,92,73,0,0,0
11:12:26 Oct 22 2024,92,73,2,0,0
11:12:30 Oct 22 2024,92,75,1,0,0
11:12:34 Oct 22 2024,92,82,0,0,0
11:12:38 Oct 22 2024,93,79,0,0,0
11:12:42 Oct 22 2024,93,71,0,0,0
11:12:46 Oct 22 2024,94,71,0,0,0
11:12:50 Oct 22 2024,94,71,0,0,0
11:12:54 Oct 22 2024,93,72,0,0,0
11:12:58 Oct 22 2024,93,70,0,0,0
11:13:02 Oct 22 2024,95,71,0,0,0
11:13:06 Oct 22 2024,95,73,0,0,0
11:13:10 Oct 22 2024,95,73,1,0,0
11:13:14 Oct 22 2024,95,71,0,0,0
11:13:18 Oct 22 2024,95,70,0,0,0
11:13:22 Oct 22 2024,95,71,1,0,0
11:13:26 Oct 22 2024,95,73,0,0,0
11:13:30 Oct 22 2024,95,79,0,0,0
11:13:34 Oct 22 2024,95,78,0,0,0
11:13:38 Oct 22 2024,94,74,0,0,0
11:13:42 Oct 22 2024,94,72,0,0,0
11:13:46 Oct 22 2024,94,72,0,0,0
11:13:50 Oct 22 2024,94,74,1,0,0
11:13:54 Oct 22 2024,94,76,0,0,0
11:13:58 Oct 22 2024,93,78,1,0,0
11:14:02 Oct 22 2024,93,78,1,0,0
11:14:06 Oct 22 2024,92,80,0,0,0
11:14:10 Oct 22 2024,93,81,0,0,0
11:14:14 Oct 22 2024,93,76,1,0,0
11:14:18 Oct 22 2024,93,74,1,0,0
11:14:22 Oct 22 2024,92,74,0,0,0
11:14:26 Oct 22 2024,92,76,0,0,0
11:14:30 Oct 22 2024,92,78,1,0,0
11:14:34 Oct 22 2024,92,78,0,0,0
11:14:38 Oct 22 2024,92,81,0,0,0
11:14:42 Oct 22 2024,93,75,0,0,0
11:14:46 Oct 22 2024,94,70,0,0,0
11:14:50 Oct 22 2024,94,69,4,0,0
