Hora,Nivel de oxígeno,Frecuencia de pulso,Movimiento,Recordatorio de O2,Recordatorio de PR
15:56:34 Oct 03 2024,97,67,1,0,0
15:56:38 Oct 03 2024,97,67,4,0,0
15:56:42 Oct 03 2024,97,70,19,0,0
15:56:46 Oct 03 2024,96,69,1,0,0
15:56:50 Oct 03 2024,95,70,0,0,0
15:56:54 Oct 03 2024,93,67,0,0,0
15:56:58 Oct 03 2024,94,64,0,0,0
15:57:02 Oct 03 2024,95,63,0,0,0
15:57:06 Oct 03 2024,95,65,0,0,0
15:57:10 Oct 03 2024,95,66,0,0,0
15:57:14 Oct 03 2024,94,64,0,0,0
15:57:18 Oct 03 2024,93,65,0,0,0
15:57:22 Oct 03 2024,94,65,0,0,0
15:57:26 Oct 03 2024,94,65,0,0,0
15:57:30 Oct 03 2024,94,66,0,0,0
15:57:34 Oct 03 2024,94,66,0,0,0
15:57:38 Oct 03 2024,94,65,1,0,0
15:57:42 Oct 03 2024,94,66,0,0,0
15:57:46 Oct 03 2024,94,67,1,0,0
15:57:50 Oct 03 2024,94,68,0,0,0
15:57:54 Oct 03 2024,94,70,0,0,0
15:57:58 Oct 03 2024,95,71,0,0,0
15:58:02 Oct 03 2024,95,69,1,0,0
15:58:06 Oct 03 2024,95,68,0,0,0
15:58:10 Oct 03 2024,95,68,0,0,0
15:58:14 Oct 03 2024,95,66,1,0,0
15:58:18 Oct 03 2024,94,65,0,0,0
15:58:22 Oct 03 2024,95,66,1,0,0
15:58:26 Oct 03 2024,95,67,0,0,0
15:58:30 Oct 03 2024,95,66,1,0,0
15:58:34 Oct 03 2024,94,67,0,0,0
15:58:38 Oct 03 2024,94,69,1,0,0
15:58:42 Oct 03 2024,94,71,1,0,0
15:58:46 Oct 03 2024,94,67,1,0,0
15:58:50 Oct 03 2024,94,65,1,0,0
15:58:54 Oct 03 2024,94,69,0,0,0
15:58:58 Oct 03 2024,95,69,0,0,0
15:59:02 Oct 03 2024,95,65,1,0,0
15:59:06 Oct 03 2024,96,67,1,0,0
15:59:10 Oct 03 2024,96,68,0,0,0
15:59:14 Oct 03 2024,95,69,1,0,0
15:59:18 Oct 03 2024,94,70,0,0,0
15:59:22 Oct 03 2024,94,69,1,0,0
15:59:26 Oct 03 2024,94,69,1,0,0
15:59:30 Oct 03 2024,94,69,1,0,0
15:59:34 Oct 03 2024,95,69,0,0,0
15:59:38 Oct 03 2024,96,70,1,0,0
15:59:42 Oct 03 2024,96,71,0,0,0
15:59:46 Oct 03 2024,95,70,1,0,0
15:59:50 Oct 03 2024,95,70,1,0,0
15:59:54 Oct 03 2024,94,71,1,0,0
15:59:58 Oct 03 2024,94,69,1,0,0
16:00:02 Oct 03 2024,94,68,1,0,0
16:00:06 Oct 03 2024,95,69,1,0,0
16:00:10 Oct 03 2024,95,69,0,0,0
16:00:14 Oct 03 2024,95,69,1,0,0
16:00:18 Oct 03 2024,95,69,0,0,0
16:00:22 Oct 03 2024,94,72,1,0,0
16:00:26 Oct 03 2024,94,74,1,0,0
16:00:30 Oct 03 2024,94,71,1,0,0
16:00:34 Oct 03 2024,95,70,7,0,0

