Hora,Nivel de oxígeno,Frecuencia de pulso,Movimiento,Recordatorio de O2,Recordatorio de PR
12:37:46 Oct 04 2024,95,70,1,0,0
12:37:50 Oct 04 2024,94,72,1,0,0
12:37:54 Oct 04 2024,94,72,11,0,0
12:37:58 Oct 04 2024,95,73,4,0,0
12:38:02 Oct 04 2024,95,76,1,0,0
12:38:06 Oct 04 2024,95,74,0,0,0
12:38:10 Oct 04 2024,95,71,0,0,0
12:38:14 Oct 04 2024,95,70,9,0,0
12:38:18 Oct 04 2024,95,69,2,0,0
12:38:22 Oct 04 2024,95,70,1,0,0
12:38:26 Oct 04 2024,95,71,1,0,0
12:38:30 Oct 04 2024,95,72,1,0,0
12:38:34 Oct 04 2024,95,76,0,0,0
12:38:38 Oct 04 2024,95,78,1,0,0
12:38:42 Oct 04 2024,95,74,1,0,0
12:38:46 Oct 04 2024,95,75,1,0,0
12:38:50 Oct 04 2024,95,74,1,0,0
12:38:54 Oct 04 2024,95,74,1,0,0
12:38:58 Oct 04 2024,95,76,1,0,0
12:39:02 Oct 04 2024,94,74,0,0,0
12:39:06 Oct 04 2024,95,75,1,0,0
12:39:10 Oct 04 2024,95,75,1,0,0
12:39:14 Oct 04 2024,95,74,0,0,0
12:39:18 Oct 04 2024,95,72,1,0,0
12:39:22 Oct 04 2024,94,73,0,0,0
12:39:26 Oct 04 2024,94,76,1,0,0
12:39:30 Oct 04 2024,95,71,0,0,0
12:39:34 Oct 04 2024,95,65,0,0,0
12:39:38 Oct 04 2024,95,66,0,0,0
12:39:42 Oct 04 2024,95,71,0,0,0
12:39:46 Oct 04 2024,95,73,0,0,0
12:39:50 Oct 04 2024,94,70,0,0,0
12:39:54 Oct 04 2024,93,71,0,0,0
12:39:58 Oct 04 2024,93,72,0,0,0
12:40:02 Oct 04 2024,94,71,0,0,0
12:40:06 Oct 04 2024,95,74,1,0,0
12:40:10 Oct 04 2024,95,76,1,0,0
12:40:14 Oct 04 2024,95,78,1,0,0
12:40:18 Oct 04 2024,94,79,1,0,0
12:40:22 Oct 04 2024,95,74,0,0,0
12:40:26 Oct 04 2024,95,69,1,0,0
12:40:30 Oct 04 2024,95,70,7,0,0
