Hora,Nivel de oxígeno,Frecuencia de pulso,Movimiento,Recordatorio de O2,Recordatorio de PR
15:17:10 Oct 03 2024,94,80,1,0,0
15:17:14 Oct 03 2024,93,80,1,0,0
15:17:18 Oct 03 2024,94,76,1,0,0
15:17:22 Oct 03 2024,94,72,1,0,0
15:17:26 Oct 03 2024,94,73,1,0,0
15:17:30 Oct 03 2024,93,74,1,0,0
15:17:34 Oct 03 2024,93,75,1,0,0
15:17:38 Oct 03 2024,93,79,1,0,0
15:17:42 Oct 03 2024,93,77,1,0,0
15:17:46 Oct 03 2024,94,76,1,0,0
15:17:50 Oct 03 2024,94,80,1,0,0
15:17:54 Oct 03 2024,94,78,1,0,0
15:17:58 Oct 03 2024,93,77,1,0,0
15:18:02 Oct 03 2024,93,76,1,0,0
15:18:06 Oct 03 2024,93,77,1,0,0
15:18:10 Oct 03 2024,93,78,1,0,0
15:18:14 Oct 03 2024,93,77,1,0,0
15:18:18 Oct 03 2024,93,80,1,0,0
15:18:22 Oct 03 2024,93,84,1,0,0
15:18:26 Oct 03 2024,93,74,2,0,0

