Hora,Nivel de oxígeno,Frecuencia de pulso,Movimiento,Recordatorio de O2,Recordatorio de PR
12:53:01 Oct 07 2024,96,74,1,0,0
12:53:05 Oct 07 2024,96,74,1,0,0
12:53:09 Oct 07 2024,96,75,1,0,0
12:53:13 Oct 07 2024,97,77,0,0,0
12:53:17 Oct 07 2024,97,77,1,0,0
12:53:21 Oct 07 2024,97,77,1,0,0
12:53:25 Oct 07 2024,96,77,1,0,0
12:53:29 Oct 07 2024,96,79,1,0,0
12:53:33 Oct 07 2024,96,79,1,0,0
12:53:37 Oct 07 2024,96,78,1,0,0
12:53:41 Oct 07 2024,96,78,1,0,0
12:53:45 Oct 07 2024,96,78,1,0,0
12:53:49 Oct 07 2024,96,78,1,0,0
12:53:53 Oct 07 2024,96,79,1,0,0
12:53:57 Oct 07 2024,96,80,1,0,0
12:54:01 Oct 07 2024,96,78,1,0,0
12:54:05 Oct 07 2024,96,77,1,0,0
12:54:09 Oct 07 2024,96,76,1,0,0
12:54:13 Oct 07 2024,96,76,1,0,0
12:54:17 Oct 07 2024,97,78,1,0,0
12:54:21 Oct 07 2024,97,80,1,0,0
12:54:25 Oct 07 2024,97,79,0,0,0
12:54:29 Oct 07 2024,97,75,0,0,0
12:54:33 Oct 07 2024,97,74,1,0,0

