Hora,Nivel de oxígeno,Frecuencia de pulso,Movimiento,Recordatorio de O2,Recordatorio de PR
13:26:47 Oct 14 2024,96,77,3,0,0
13:26:51 Oct 14 2024,96,78,1,0,0
13:26:55 Oct 14 2024,96,78,2,0,0
13:26:59 Oct 14 2024,96,78,4,0,0
13:27:03 Oct 14 2024,97,74,2,0,0
13:27:07 Oct 14 2024,96,73,6,0,0
13:27:11 Oct 14 2024,97,71,0,0,0
13:27:15 Oct 14 2024,97,68,0,0,0
13:27:19 Oct 14 2024,97,70,1,0,0
13:27:23 Oct 14 2024,96,71,1,0,0
13:27:27 Oct 14 2024,96,71,1,0,0
13:27:31 Oct 14 2024,97,73,0,0,0
13:27:35 Oct 14 2024,97,74,26,0,0
13:27:39 Oct 14 2024,96,77,16,0,0
13:27:43 Oct 14 2024,96,76,10,0,0
13:27:47 Oct 14 2024,95,78,37,0,0
13:27:51 Oct 14 2024,95,78,0,0,0
13:27:55 Oct 14 2024,96,75,0,0,0
13:27:59 Oct 14 2024,97,73,0,0,0
13:28:03 Oct 14 2024,97,72,0,0,0
13:28:07 Oct 14 2024,97,71,1,0,0
13:28:11 Oct 14 2024,97,72,1,0,0
13:28:15 Oct 14 2024,96,71,0,0,0
13:28:19 Oct 14 2024,96,68,0,0,0
13:28:23 Oct 14 2024,97,69,1,0,0
13:28:27 Oct 14 2024,97,73,1,0,0
13:28:31 Oct 14 2024,97,76,0,0,0
13:28:35 Oct 14 2024,97,78,1,0,0
13:28:39 Oct 14 2024,97,80,1,0,0
13:28:43 Oct 14 2024,97,78,1,0,0
13:28:47 Oct 14 2024,97,78,0,0,0
13:28:51 Oct 14 2024,97,79,1,0,0
13:28:55 Oct 14 2024,97,82,0,0,0
13:28:59 Oct 14 2024,97,83,0,0,0
13:29:03 Oct 14 2024,97,84,1,0,0
13:29:07 Oct 14 2024,97,82,1,0,0
