Hora,Nivel de oxígeno,Frecuencia de pulso,Movimiento,Recordatorio de O2,Recordatorio de PR
11:24:29 Oct 07 2024,95,100,1,0,0
11:24:33 Oct 07 2024,95,95,1,0,0
11:24:37 Oct 07 2024,96,93,1,0,0
11:24:41 Oct 07 2024,96,94,1,0,0
11:24:45 Oct 07 2024,95,89,1,0,0
11:24:49 Oct 07 2024,95,91,7,0,0
11:24:53 Oct 07 2024,95,93,0,0,0
11:24:57 Oct 07 2024,95,95,1,0,0
11:25:01 Oct 07 2024,96,94,0,0,0
11:25:05 Oct 07 2024,96,89,1,0,0
11:25:09 Oct 07 2024,96,87,0,0,0
11:25:13 Oct 07 2024,95,88,0,0,0
11:25:17 Oct 07 2024,95,88,0,0,0
11:25:21 Oct 07 2024,96,91,1,0,0
11:25:25 Oct 07 2024,96,91,1,0,0
11:25:29 Oct 07 2024,96,92,1,0,0
11:25:33 Oct 07 2024,96,85,1,0,0
11:25:37 Oct 07 2024,96,84,1,0,0
11:25:41 Oct 07 2024,96,82,1,0,0
11:25:45 Oct 07 2024,96,82,1,0,0
11:25:49 Oct 07 2024,96,85,1,0,0
11:25:53 Oct 07 2024,96,85,1,0,0
11:25:57 Oct 07 2024,96,85,1,0,0
11:26:01 Oct 07 2024,96,84,1,0,0
11:26:05 Oct 07 2024,96,80,1,0,0
11:26:09 Oct 07 2024,95,82,1,0,0
11:26:13 Oct 07 2024,95,84,1,0,0
11:26:17 Oct 07 2024,95,81,1,0,0
11:26:21 Oct 07 2024,95,81,1,0,0
11:26:25 Oct 07 2024,95,81,1,0,0
11:26:29 Oct 07 2024,95,80,1,0,0
11:26:33 Oct 07 2024,96,82,1,0,0
11:26:37 Oct 07 2024,96,83,1,0,0
11:26:41 Oct 07 2024,96,83,1,0,0
11:26:45 Oct 07 2024,95,85,1,0,0
11:26:49 Oct 07 2024,95,87,1,0,0
11:26:53 Oct 07 2024,95,88,1,0,0
11:26:57 Oct 07 2024,94,87,1,0,0
11:27:01 Oct 07 2024,95,85,1,0,0
11:27:05 Oct 07 2024,95,88,9,0,0

