Hora,Nivel de oxígeno,Frecuencia de pulso,Movimiento,Recordatorio de O2,Recordatorio de PR
11:30:42 Oct 07 2024,96,55,1,0,0
11:30:46 Oct 07 2024,96,52,1,0,0
11:30:50 Oct 07 2024,96,51,1,0,0
11:30:54 Oct 07 2024,96,51,1,0,0
11:30:58 Oct 07 2024,95,55,0,0,0
11:31:02 Oct 07 2024,95,55,0,0,0
11:31:06 Oct 07 2024,94,56,1,0,0
11:31:10 Oct 07 2024,94,63,1,0,0
11:31:14 Oct 07 2024,95,66,1,0,0
11:31:18 Oct 07 2024,94,61,1,0,0
11:31:22 Oct 07 2024,94,57,0,0,0
11:31:26 Oct 07 2024,94,54,1,0,0
11:31:30 Oct 07 2024,94,49,0,0,0
11:31:34 Oct 07 2024,94,46,0,0,0
11:31:38 Oct 07 2024,94,49,1,0,0
11:31:42 Oct 07 2024,95,48,0,0,0
11:31:46 Oct 07 2024,95,49,1,0,0
11:31:50 Oct 07 2024,95,51,0,0,0
11:31:54 Oct 07 2024,95,50,0,0,0
11:31:58 Oct 07 2024,95,51,1,0,0
11:32:02 Oct 07 2024,96,52,0,0,0
11:32:06 Oct 07 2024,95,52,1,0,0
11:32:10 Oct 07 2024,95,54,1,0,0
11:32:14 Oct 07 2024,95,51,0,0,0
11:32:18 Oct 07 2024,96,52,1,0,0
11:32:22 Oct 07 2024,96,57,4,0,0
11:32:26 Oct 07 2024,96,61,0,0,0
11:32:30 Oct 07 2024,96,62,1,0,0
11:32:34 Oct 07 2024,95,59,0,0,0
11:32:38 Oct 07 2024,95,57,1,0,0
11:32:42 Oct 07 2024,95,54,1,0,0
11:32:46 Oct 07 2024,95,53,1,0,0
11:32:50 Oct 07 2024,95,54,0,0,0
11:32:54 Oct 07 2024,95,57,1,0,0
11:32:58 Oct 07 2024,96,58,0,0,0
11:33:02 Oct 07 2024,95,59,0,0,0
11:33:06 Oct 07 2024,95,65,1,0,0
11:33:10 Oct 07 2024,95,64,1,0,0
11:33:14 Oct 07 2024,95,60,1,0,0
11:33:18 Oct 07 2024,95,59,0,0,0
11:33:22 Oct 07 2024,95,62,0,0,0
11:33:26 Oct 07 2024,94,66,1,0,0
11:33:30 Oct 07 2024,94,65,1,0,0
11:33:34 Oct 07 2024,94,66,1,0,0
11:33:38 Oct 07 2024,95,65,0,0,0
