Hora,Nivel de oxígeno,Frecuencia de pulso,Movimiento,Recordatorio de O2,Recordatorio de PR
14:04:38 Sep 20 2024,93,89,1,0,0
14:04:42 Sep 20 2024,94,87,1,0,0
14:04:46 Sep 20 2024,94,87,3,0,0
14:04:50 Sep 20 2024,95,87,0,0,0
14:04:54 Sep 20 2024,96,90,1,0,0
14:04:58 Sep 20 2024,95,90,1,0,0
14:05:02 Sep 20 2024,94,95,1,0,0
14:05:06 Sep 20 2024,95,97,1,0,0
14:05:10 Sep 20 2024,95,94,1,0,0
14:05:14 Sep 20 2024,96,94,1,0,0
14:05:18 Sep 20 2024,96,92,0,0,0
14:05:22 Sep 20 2024,96,90,0,0,0
14:05:26 Sep 20 2024,96,90,1,0,0
14:05:30 Sep 20 2024,96,89,1,0,0
14:05:34 Sep 20 2024,96,89,1,0,0
14:05:38 Sep 20 2024,96,90,0,0,0
14:05:42 Sep 20 2024,96,90,0,0,0
14:05:46 Sep 20 2024,96,91,0,0,0
14:05:50 Sep 20 2024,96,92,0,0,0
14:05:54 Sep 20 2024,96,95,1,0,0
14:05:58 Sep 20 2024,96,96,0,0,0
14:06:02 Sep 20 2024,96,93,1,0,0
14:06:06 Sep 20 2024,96,93,0,0,0
14:06:10 Sep 20 2024,96,93,1,0,0
14:06:14 Sep 20 2024,96,94,0,0,0
14:06:18 Sep 20 2024,96,97,0,0,0
14:06:22 Sep 20 2024,96,101,1,0,0
14:06:26 Sep 20 2024,97,102,1,0,0
14:06:30 Sep 20 2024,96,99,2,0,0

