Hora,Nivel de oxígeno,Frecuencia de pulso,Movimiento,Recordatorio de O2,Recordatorio de PR
13:12:36 Oct 04 2024,94,63,1,0,0
13:12:40 Oct 04 2024,94,63,1,0,0
13:12:44 Oct 04 2024,94,63,1,0,0
13:12:48 Oct 04 2024,94,64,1,0,0
13:12:52 Oct 04 2024,94,62,1,0,0
13:12:56 Oct 04 2024,94,62,1,0,0
13:13:00 Oct 04 2024,94,63,1,0,0
13:13:04 Oct 04 2024,94,61,1,0,0
13:13:08 Oct 04 2024,94,59,1,0,0
13:13:12 Oct 04 2024,94,61,1,0,0
13:13:16 Oct 04 2024,94,62,1,0,0
13:13:20 Oct 04 2024,93,61,1,0,0
13:13:24 Oct 04 2024,93,60,1,0,0
13:13:28 Oct 04 2024,94,61,1,0,0
13:13:32 Oct 04 2024,94,63,1,0,0
13:13:36 Oct 04 2024,94,63,0,0,0
13:13:40 Oct 04 2024,94,64,2,0,0
13:13:44 Oct 04 2024,94,66,1,0,0
13:13:48 Oct 04 2024,94,66,1,0,0
13:13:52 Oct 04 2024,94,62,1,0,0
13:13:56 Oct 04 2024,94,61,5,0,0

