Hora,Nivel de oxígeno,Frecuencia de pulso,Movimiento,Recordatorio de O2,Recordatorio de PR
11:55:07 Oct 04 2024,97,81,1,0,0
11:55:11 Oct 04 2024,98,78,1,0,0
11:55:15 Oct 04 2024,98,77,1,0,0
11:55:19 Oct 04 2024,98,80,2,0,0
11:55:23 Oct 04 2024,98,79,1,0,0
11:55:27 Oct 04 2024,97,78,1,0,0
11:55:31 Oct 04 2024,97,75,1,0,0
11:55:35 Oct 04 2024,97,73,1,0,0
11:55:39 Oct 04 2024,98,76,1,0,0
11:55:43 Oct 04 2024,98,78,1,0,0
11:55:47 Oct 04 2024,98,78,10,0,0
11:55:51 Oct 04 2024,98,78,17,0,0
11:55:55 Oct 04 2024,98,78,4,0,0
11:55:59 Oct 04 2024,98,78,1,0,0
11:56:03 Oct 04 2024,98,73,1,0,0
11:56:07 Oct 04 2024,98,72,1,0,0
11:56:11 Oct 04 2024,97,72,1,0,0
11:56:15 Oct 04 2024,97,75,1,0,0
11:56:19 Oct 04 2024,97,74,1,0,0
11:56:23 Oct 04 2024,97,78,1,0,0
11:56:27 Oct 04 2024,97,79,1,0,0
11:56:31 Oct 04 2024,97,76,1,0,0
11:56:35 Oct 04 2024,97,75,1,0,0
11:56:39 Oct 04 2024,98,75,1,0,0
11:56:43 Oct 04 2024,98,75,1,0,0
11:56:47 Oct 04 2024,98,75,0,0,0
11:56:51 Oct 04 2024,97,73,1,0,0
11:56:55 Oct 04 2024,96,74,1,0,0
11:56:59 Oct 04 2024,96,77,1,0,0
11:57:03 Oct 04 2024,97,81,0,0,0
11:57:07 Oct 04 2024,97,81,1,0,0
11:57:11 Oct 04 2024,98,82,1,0,0
11:57:15 Oct 04 2024,98,83,1,0,0
11:57:19 Oct 04 2024,97,83,0,0,0
11:57:23 Oct 04 2024,97,80,1,0,0
11:57:27 Oct 04 2024,97,82,1,0,0
11:57:31 Oct 04 2024,97,79,1,0,0
11:57:35 Oct 04 2024,97,74,1,0,0
