Hora,Nivel de oxígeno,Frecuencia de pulso,Movimiento,Recordatorio de O2,Recordatorio de PR
12:14:18 Oct 09 2024,97,78,1,0,0
12:14:22 Oct 09 2024,96,80,1,0,0
12:14:26 Oct 09 2024,96,78,1,0,0
12:14:30 Oct 09 2024,96,74,1,0,0
12:14:34 Oct 09 2024,96,75,1,0,0
12:14:38 Oct 09 2024,96,74,1,0,0
12:14:42 Oct 09 2024,96,72,1,0,0
12:14:46 Oct 09 2024,96,74,1,0,0
12:14:50 Oct 09 2024,96,74,1,0,0
12:14:54 Oct 09 2024,96,77,1,0,0
12:14:58 Oct 09 2024,97,79,1,0,0
12:15:02 Oct 09 2024,97,77,1,0,0
12:15:06 Oct 09 2024,97,74,1,0,0
12:15:10 Oct 09 2024,97,75,1,0,0
12:15:14 Oct 09 2024,97,73,1,0,0
12:15:18 Oct 09 2024,97,74,1,0,0
12:15:22 Oct 09 2024,97,79,1,0,0
12:15:26 Oct 09 2024,97,82,1,0,0
12:15:30 Oct 09 2024,97,87,1,0,0
12:15:34 Oct 09 2024,97,89,1,0,0
12:15:38 Oct 09 2024,97,87,1,0,0
12:15:42 Oct 09 2024,97,86,1,0,0
12:15:46 Oct 09 2024,97,86,8,0,0

