Hora,Nivel de oxígeno,Frecuencia de pulso,Movimiento,Recordatorio de O2,Recordatorio de PR
13:06:52 Oct 08 2024,95,93,1,0,0
13:06:56 Oct 08 2024,95,92,1,0,0
13:07:00 Oct 08 2024,95,91,1,0,0
13:07:04 Oct 08 2024,95,88,3,0,0
13:07:08 Oct 08 2024,95,87,1,0,0
13:07:12 Oct 08 2024,94,89,1,0,0
13:07:16 Oct 08 2024,95,87,1,0,0
13:07:20 Oct 08 2024,95,87,1,0,0
13:07:24 Oct 08 2024,95,87,1,0,0
13:07:28 Oct 08 2024,95,87,1,0,0
13:07:32 Oct 08 2024,95,86,1,0,0
13:07:36 Oct 08 2024,95,86,1,0,0
13:07:40 Oct 08 2024,95,87,1,0,0
13:07:44 Oct 08 2024,95,90,1,0,0
13:07:48 Oct 08 2024,95,91,1,0,0
13:07:52 Oct 08 2024,95,87,1,0,0
13:07:56 Oct 08 2024,95,88,1,0,0
13:08:00 Oct 08 2024,95,96,1,0,0
13:08:04 Oct 08 2024,95,96,1,0,0
13:08:08 Oct 08 2024,95,93,1,0,0
13:08:12 Oct 08 2024,95,88,1,0,0
13:08:16 Oct 08 2024,95,85,1,0,0
13:08:20 Oct 08 2024,95,84,10,0,0
