Hora,Nivel de oxígeno,Frecuencia de pulso,Movimiento,Recordatorio de O2,Recordatorio de PR
14:08:15 Oct 08 2024,95,65,11,0,0
14:08:19 Oct 08 2024,95,64,1,0,0
14:08:23 Oct 08 2024,95,64,1,0,0
14:08:27 Oct 08 2024,94,65,0,0,0
14:08:31 Oct 08 2024,93,66,1,0,0
14:08:35 Oct 08 2024,93,66,3,0,0
14:08:39 Oct 08 2024,93,67,2,0,0
14:08:43 Oct 08 2024,94,68,0,0,0
14:08:47 Oct 08 2024,94,68,0,0,0
14:08:51 Oct 08 2024,94,64,0,0,0
14:08:55 Oct 08 2024,95,61,0,0,0
14:08:59 Oct 08 2024,95,58,0,0,0
14:09:03 Oct 08 2024,95,58,0,0,0
14:09:07 Oct 08 2024,94,60,0,0,0
14:09:11 Oct 08 2024,93,61,0,0,0
14:09:15 Oct 08 2024,93,60,0,0,0
14:09:19 Oct 08 2024,93,60,0,0,0
14:09:23 Oct 08 2024,94,59,0,0,0
14:09:27 Oct 08 2024,94,59,0,0,0
14:09:31 Oct 08 2024,94,60,0,0,0
14:09:35 Oct 08 2024,94,61,0,0,0
14:09:39 Oct 08 2024,95,60,0,0,0
14:09:43 Oct 08 2024,94,60,0,0,0
14:09:47 Oct 08 2024,93,60,0,0,0
14:09:51 Oct 08 2024,93,60,1,0,0
14:09:55 Oct 08 2024,94,61,0,0,0
14:09:59 Oct 08 2024,94,58,0,0,0

