Hora,Nivel de oxígeno,Frecuencia de pulso,Movimiento,Recordatorio de O2,Recordatorio de PR
13:58:41 Oct 08 2024,96,69,3,0,0
13:58:45 Oct 08 2024,96,68,1,0,0
13:58:49 Oct 08 2024,97,68,1,0,0
13:58:53 Oct 08 2024,97,67,0,0,0
13:58:57 Oct 08 2024,96,67,0,0,0
13:59:01 Oct 08 2024,96,69,0,0,0
13:59:05 Oct 08 2024,96,69,1,0,0
13:59:09 Oct 08 2024,96,67,0,0,0
13:59:13 Oct 08 2024,96,65,1,0,0
13:59:17 Oct 08 2024,96,67,1,0,0
13:59:21 Oct 08 2024,96,67,0,0,0
13:59:25 Oct 08 2024,96,66,0,0,0
13:59:29 Oct 08 2024,96,65,1,0,0
13:59:33 Oct 08 2024,95,65,0,0,0
13:59:37 Oct 08 2024,96,65,0,0,0
13:59:41 Oct 08 2024,96,67,0,0,0
13:59:45 Oct 08 2024,96,67,0,0,0
13:59:49 Oct 08 2024,96,62,0,0,0
13:59:53 Oct 08 2024,97,59,0,0,0
13:59:57 Oct 08 2024,96,58,1,0,0
14:00:01 Oct 08 2024,96,60,1,0,0
14:00:05 Oct 08 2024,96,63,1,0,0
14:00:09 Oct 08 2024,94,62,1,0,0
14:00:13 Oct 08 2024,94,60,0,0,0

