Hora,Nivel de oxígeno,Frecuencia de pulso,Movimiento,Recordatorio de O2,Recordatorio de PR
12:52:31 Oct 08 2024,92,80,1,0,0
12:52:35 Oct 08 2024,91,79,0,0,0
12:52:39 Oct 08 2024,92,78,1,0,0
12:52:43 Oct 08 2024,93,79,1,0,0
12:52:47 Oct 08 2024,92,79,1,0,0
12:52:51 Oct 08 2024,92,78,1,0,0
12:52:55 Oct 08 2024,92,77,1,0,0
12:52:59 Oct 08 2024,92,77,0,0,0
12:53:03 Oct 08 2024,92,77,1,0,0
12:53:07 Oct 08 2024,93,78,1,0,0
12:53:11 Oct 08 2024,93,78,1,0,0
12:53:15 Oct 08 2024,92,80,0,0,0
12:53:19 Oct 08 2024,92,78,0,0,0
12:53:23 Oct 08 2024,92,76,0,0,0
12:53:27 Oct 08 2024,92,75,1,0,0
12:53:31 Oct 08 2024,92,75,1,0,0
12:53:35 Oct 08 2024,92,77,1,0,0
12:53:39 Oct 08 2024,92,77,1,0,0
12:53:43 Oct 08 2024,92,79,0,0,0
12:53:47 Oct 08 2024,92,76,1,0,0

