Hora,Nivel de oxígeno,Frecuencia de pulso,Movimiento,Recordatorio de O2,Recordatorio de PR
12:46:24 Oct 08 2024,95,78,1,0,0
12:46:28 Oct 08 2024,95,80,1,0,0
12:46:32 Oct 08 2024,95,79,1,0,0
12:46:36 Oct 08 2024,95,73,1,0,0
12:46:40 Oct 08 2024,96,70,1,0,0
12:46:44 Oct 08 2024,96,70,1,0,0
12:46:48 Oct 08 2024,96,71,1,0,0
12:46:52 Oct 08 2024,96,72,1,0,0
12:46:56 Oct 08 2024,96,74,1,0,0
12:47:00 Oct 08 2024,95,74,1,0,0
12:47:04 Oct 08 2024,95,75,1,0,0
12:47:08 Oct 08 2024,95,78,1,0,0
12:47:12 Oct 08 2024,95,80,1,0,0
12:47:16 Oct 08 2024,94,79,1,0,0
12:47:20 Oct 08 2024,94,76,1,0,0
12:47:24 Oct 08 2024,95,76,1,0,0
12:47:28 Oct 08 2024,95,77,1,0,0
12:47:32 Oct 08 2024,95,76,1,0,0
12:47:36 Oct 08 2024,95,76,1,0,0
12:47:40 Oct 08 2024,94,79,2,0,0
12:47:44 Oct 08 2024,94,78,1,0,0
12:47:48 Oct 08 2024,94,80,1,0,0
12:47:52 Oct 08 2024,94,78,1,0,0
12:47:56 Oct 08 2024,94,78,26,0,0

