Hora,Nivel de oxígeno,Frecuencia de pulso,Movimiento,Recordatorio de O2,Recordatorio de PR
15:45:59 Oct 03 2024,95,104,1,0,0
15:46:03 Oct 03 2024,94,99,1,0,0
15:46:07 Oct 03 2024,94,99,1,0,0
15:46:11 Oct 03 2024,94,98,1,0,0
15:46:15 Oct 03 2024,94,98,1,0,0
15:46:19 Oct 03 2024,94,100,1,0,0
15:46:23 Oct 03 2024,94,101,1,0,0
15:46:27 Oct 03 2024,95,101,1,0,0
15:46:31 Oct 03 2024,95,100,1,0,0
15:46:35 Oct 03 2024,95,98,1,0,0
15:46:39 Oct 03 2024,95,97,1,0,0
15:46:43 Oct 03 2024,95,99,1,0,0
15:46:47 Oct 03 2024,95,101,1,0,0
15:46:51 Oct 03 2024,95,105,1,0,0
15:46:55 Oct 03 2024,94,109,1,0,0
15:46:59 Oct 03 2024,94,109,1,0,0
15:47:03 Oct 03 2024,94,109,1,0,0
15:47:07 Oct 03 2024,94,108,1,0,0
15:47:11 Oct 03 2024,94,108,1,0,0
15:47:15 Oct 03 2024,94,108,1,0,0
15:47:19 Oct 03 2024,94,108,1,0,0
15:47:23 Oct 03 2024,94,108,1,0,0
15:47:27 Oct 03 2024,94,108,1,0,0
15:47:31 Oct 03 2024,94,107,1,0,0
15:47:35 Oct 03 2024,94,106,1,0,0
15:47:39 Oct 03 2024,94,104,1,0,0
15:47:43 Oct 03 2024,94,103,1,0,0
15:47:47 Oct 03 2024,94,103,2,0,0
15:47:51 Oct 03 2024,94,103,1,0,0
15:47:55 Oct 03 2024,94,103,1,0,0
15:47:59 Oct 03 2024,94,104,1,0,0
15:48:03 Oct 03 2024,94,105,1,0,0
15:48:07 Oct 03 2024,94,102,1,0,0
15:48:11 Oct 03 2024,94,102,1,0,0
15:48:15 Oct 03 2024,94,100,1,0,0
15:48:19 Oct 03 2024,94,102,5,0,0

