Hora,Nivel de oxígeno,Frecuencia de pulso,Movimiento,Recordatorio de O2,Recordatorio de PR
13:26:53 Sep 20 2024,95,81,1,0,0
13:26:57 Sep 20 2024,94,72,1,0,0
13:27:01 Sep 20 2024,95,77,1,0,0
13:27:05 Sep 20 2024,95,81,1,0,0
13:27:09 Sep 20 2024,95,80,1,0,0
13:27:13 Sep 20 2024,95,79,10,0,0
13:27:17 Sep 20 2024,94,85,51,0,0
13:27:21 Sep 20 2024,93,87,43,0,0
13:27:25 Sep 20 2024,93,86,3,0,0
13:27:29 Sep 20 2024,94,80,13,0,0
13:27:33 Sep 20 2024,94,79,5,0,0
13:27:37 Sep 20 2024,95,82,1,0,0
13:27:41 Sep 20 2024,94,87,1,0,0
13:27:45 Sep 20 2024,94,86,1,0,0
13:27:49 Sep 20 2024,95,88,1,0,0
13:27:53 Sep 20 2024,95,88,1,0,0
13:27:57 Sep 20 2024,95,85,1,0,0
13:28:01 Sep 20 2024,95,86,1,0,0
13:28:05 Sep 20 2024,95,87,1,0,0
13:28:09 Sep 20 2024,95,87,1,0,0
13:28:13 Sep 20 2024,95,87,1,0,0
13:28:17 Sep 20 2024,95,86,1,0,0
13:28:21 Sep 20 2024,95,86,1,0,0
13:28:25 Sep 20 2024,95,84,1,0,0
13:28:29 Sep 20 2024,95,82,1,0,0
13:28:33 Sep 20 2024,95,85,1,0,0
13:28:37 Sep 20 2024,95,86,1,0,0
13:28:41 Sep 20 2024,95,85,1,0,0
13:28:45 Sep 20 2024,95,82,1,0,0
13:28:49 Sep 20 2024,95,84,1,0,0
13:28:53 Sep 20 2024,94,85,1,0,0
13:28:57 Sep 20 2024,93,88,1,0,0
13:29:01 Sep 20 2024,93,93,1,0,0
13:29:05 Sep 20 2024,94,87,1,0,0
13:29:09 Sep 20 2024,94,81,1,0,0

