Hora,Nivel de oxígeno,Frecuencia de pulso,Movimiento,Recordatorio de O2,Recordatorio de PR
13:23:41 Oct 04 2024,96,56,1,0,0
13:23:45 Oct 04 2024,95,60,1,0,0
13:23:49 Oct 04 2024,94,63,1,0,0
13:23:53 Oct 04 2024,94,66,2,0,0
13:23:57 Oct 04 2024,94,69,1,0,0
13:24:01 Oct 04 2024,95,69,1,0,0
13:24:05 Oct 04 2024,95,63,1,0,0
13:24:09 Oct 04 2024,94,63,1,0,0
13:24:13 Oct 04 2024,94,62,1,0,0
13:24:17 Oct 04 2024,94,61,1,0,0
13:24:21 Oct 04 2024,94,63,1,0,0
13:24:25 Oct 04 2024,94,63,1,0,0
13:24:29 Oct 04 2024,94,60,1,0,0
13:24:33 Oct 04 2024,94,59,1,0,0
13:24:37 Oct 04 2024,94,58,1,0,0
13:24:41 Oct 04 2024,94,56,1,0,0
13:24:45 Oct 04 2024,94,57,1,0,0
13:24:49 Oct 04 2024,94,60,1,0,0
13:24:53 Oct 04 2024,94,62,1,0,0
13:24:57 Oct 04 2024,94,63,1,0,0
13:25:01 Oct 04 2024,94,62,1,0,0
13:25:05 Oct 04 2024,95,62,5,0,0

