Hora,Nivel de oxígeno,Frecuencia de pulso,Movimiento,Recordatorio de O2,Recordatorio de PR
15:01:31 Oct 03 2024,94,90,1,0,0
15:01:35 Oct 03 2024,93,89,1,0,0
15:01:39 Oct 03 2024,94,89,1,0,0
15:01:43 Oct 03 2024,94,89,0,0,0
15:01:47 Oct 03 2024,94,89,1,0,0
15:01:51 Oct 03 2024,94,89,1,0,0
15:01:55 Oct 03 2024,94,89,1,0,0
15:01:59 Oct 03 2024,93,88,1,0,0
15:02:03 Oct 03 2024,93,88,1,0,0
15:02:07 Oct 03 2024,93,89,1,0,0
15:02:11 Oct 03 2024,93,88,1,0,0
15:02:15 Oct 03 2024,93,88,1,0,0
15:02:19 Oct 03 2024,93,89,1,0,0
15:02:23 Oct 03 2024,93,90,1,0,0
15:02:27 Oct 03 2024,93,88,0,0,0
15:02:31 Oct 03 2024,93,88,1,0,0
15:02:35 Oct 03 2024,93,89,1,0,0
15:02:39 Oct 03 2024,93,90,1,0,0
15:02:43 Oct 03 2024,93,89,1,0,0
15:02:47 Oct 03 2024,93,88,1,0,0
15:02:51 Oct 03 2024,92,87,2,0,0
15:02:55 Oct 03 2024,92,86,3,0,0

