Hora,Nivel de oxígeno,Frecuencia de pulso,Movimiento,Recordatorio de O2,Recordatorio de PR
13:12:24 Oct 14 2024,95,53,2,0,0
13:12:28 Oct 14 2024,95,52,1,0,0
13:12:32 Oct 14 2024,95,50,1,0,0
13:12:36 Oct 14 2024,95,50,4,0,0
13:12:40 Oct 14 2024,96,50,95,0,0
13:12:44 Oct 14 2024,96,51,1,0,0
13:12:48 Oct 14 2024,96,58,1,0,0
13:12:52 Oct 14 2024,97,59,1,0,0
13:12:56 Oct 14 2024,96,57,1,0,0
13:13:00 Oct 14 2024,95,57,1,0,0
13:13:04 Oct 14 2024,95,55,1,0,0
13:13:08 Oct 14 2024,96,55,1,0,0
13:13:12 Oct 14 2024,96,55,1,0,0
13:13:16 Oct 14 2024,95,54,1,0,0
13:13:20 Oct 14 2024,94,57,0,0,0
13:13:24 Oct 14 2024,94,59,2,0,0
13:13:28 Oct 14 2024,94,60,1,0,0
13:13:32 Oct 14 2024,95,63,1,0,0
13:13:36 Oct 14 2024,96,73,1,0,0
13:13:40 Oct 14 2024,96,71,0,0,0
13:13:44 Oct 14 2024,96,66,0,0,0
13:13:48 Oct 14 2024,96,56,0,0,0
13:13:52 Oct 14 2024,96,53,1,0,0
13:13:56 Oct 14 2024,96,52,1,0,0
13:14:00 Oct 14 2024,97,50,1,0,0
13:14:04 Oct 14 2024,98,51,1,0,0
13:14:08 Oct 14 2024,97,53,0,0,0
13:14:12 Oct 14 2024,97,57,1,0,0
13:14:16 Oct 14 2024,97,57,26,0,0
13:14:20 Oct 14 2024,97,57,4,0,0
13:14:24 Oct 14 2024,96,57,1,0,0
13:14:28 Oct 14 2024,96,57,0,0,0
13:14:32 Oct 14 2024,95,55,1,0,0
13:14:36 Oct 14 2024,95,53,1,0,0
13:14:40 Oct 14 2024,96,55,1,0,0
13:14:44 Oct 14 2024,96,60,1,0,0
13:14:48 Oct 14 2024,96,63,1,0,0
13:14:52 Oct 14 2024,96,65,1,0,0
13:14:56 Oct 14 2024,96,61,1,0,0
13:15:00 Oct 14 2024,96,58,0,0,0
13:15:04 Oct 14 2024,95,57,1,0,0
13:15:08 Oct 14 2024,94,57,1,0,0
13:15:12 Oct 14 2024,94,59,1,0,0
13:15:16 Oct 14 2024,94,61,1,0,0
13:15:20 Oct 14 2024,95,64,1,0,0
13:15:24 Oct 14 2024,95,59,0,0,0
13:15:28 Oct 14 2024,95,56,0,0,0
13:15:32 Oct 14 2024,95,58,1,0,0
13:15:36 Oct 14 2024,94,60,0,0,0
13:15:40 Oct 14 2024,95,64,0,0,0
13:15:44 Oct 14 2024,95,64,1,0,0
