Hora,Nivel de oxígeno,Frecuencia de pulso,Movimiento,Recordatorio de O2,Recordatorio de PR
10:41:09 Oct 22 2024,95,90,1,0,0
10:41:13 Oct 22 2024,95,90,1,0,0
10:41:17 Oct 22 2024,95,90,1,0,0
10:41:21 Oct 22 2024,95,81,0,0,0
10:41:25 Oct 22 2024,95,82,1,0,0
10:41:29 Oct 22 2024,95,79,1,0,0
10:41:33 Oct 22 2024,95,79,1,0,0
10:41:37 Oct 22 2024,95,81,0,0,0
10:41:41 Oct 22 2024,95,81,1,0,0
10:41:45 Oct 22 2024,94,79,0,0,0
10:41:49 Oct 22 2024,95,78,0,0,0
10:41:53 Oct 22 2024,95,74,1,0,0
10:41:57 Oct 22 2024,95,74,0,0,0
10:42:01 Oct 22 2024,95,77,1,0,0
10:42:05 Oct 22 2024,95,78,0,0,0
10:42:09 Oct 22 2024,95,79,0,0,0
10:42:13 Oct 22 2024,95,82,0,0,0
10:42:17 Oct 22 2024,96,81,0,0,0
10:42:21 Oct 22 2024,96,82,0,0,0
10:42:25 Oct 22 2024,96,82,0,0,0
10:42:29 Oct 22 2024,96,82,0,0,0
10:42:33 Oct 22 2024,96,83,0,0,0
10:42:37 Oct 22 2024,96,85,0,0,0
10:42:41 Oct 22 2024,96,86,0,0,0
10:42:45 Oct 22 2024,95,85,0,0,0
10:42:49 Oct 22 2024,95,81,0,0,0
10:42:53 Oct 22 2024,96,81,0,0,0
10:42:57 Oct 22 2024,96,80,0,0,0
10:43:01 Oct 22 2024,96,78,0,0,0
10:43:05 Oct 22 2024,96,84,0,0,0
10:43:09 Oct 22 2024,95,88,0,0,0
10:43:13 Oct 22 2024,96,88,1,0,0
10:43:17 Oct 22 2024,96,90,0,0,0
10:43:21 Oct 22 2024,96,88,0,0,0
10:43:25 Oct 22 2024,96,89,0,0,0
