Hora,Nivel de oxígeno,Frecuencia de pulso,Movimiento,Recordatorio de O2,Recordatorio de PR
13:48:28 Oct 22 2024,98,105,1,0,0
13:48:32 Oct 22 2024,98,105,1,0,0
13:48:36 Oct 22 2024,97,88,1,0,0
13:48:40 Oct 22 2024,96,79,1,0,0
13:48:44 Oct 22 2024,97,75,1,0,0
13:48:48 Oct 22 2024,96,75,1,0,0
13:48:52 Oct 22 2024,96,75,1,0,0
13:48:56 Oct 22 2024,96,79,1,0,0
13:49:00 Oct 22 2024,97,80,1,0,0
13:49:04 Oct 22 2024,97,75,1,0,0
13:49:08 Oct 22 2024,97,69,1,0,0
13:49:12 Oct 22 2024,96,71,1,0,0
13:49:16 Oct 22 2024,96,75,1,0,0
13:49:20 Oct 22 2024,95,76,0,0,0
13:49:24 Oct 22 2024,94,74,1,0,0
13:49:28 Oct 22 2024,95,75,1,0,0
13:49:32 Oct 22 2024,96,76,1,0,0
13:49:36 Oct 22 2024,96,77,1,0,0
13:49:40 Oct 22 2024,96,77,1,0,0
13:49:44 Oct 22 2024,96,78,1,0,0
13:49:48 Oct 22 2024,95,80,1,0,0
13:49:52 Oct 22 2024,95,83,1,0,0
13:49:56 Oct 22 2024,95,85,1,0,0
13:50:00 Oct 22 2024,95,86,2,0,0
13:50:04 Oct 22 2024,96,85,1,0,0
13:50:08 Oct 22 2024,96,86,3,0,0
13:50:12 Oct 22 2024,96,88,1,0,0
13:50:16 Oct 22 2024,95,90,1,0,0
13:50:20 Oct 22 2024,95,94,1,0,0
13:50:24 Oct 22 2024,95,95,1,0,0
13:50:28 Oct 22 2024,96,92,1,0,0
13:50:32 Oct 22 2024,96,89,1,0,0
13:50:36 Oct 22 2024,95,82,1,0,0
13:50:40 Oct 22 2024,94,78,1,0,0
13:50:44 Oct 22 2024,94,77,1,0,0
13:50:48 Oct 22 2024,96,80,1,0,0
13:50:52 Oct 22 2024,95,83,1,0,0
13:50:56 Oct 22 2024,95,82,1,0,0
13:51:00 Oct 22 2024,95,84,1,0,0
13:51:04 Oct 22 2024,95,83,1,0,0
13:51:08 Oct 22 2024,95,79,2,0,0
13:51:12 Oct 22 2024,96,84,1,0,0
13:51:16 Oct 22 2024,96,93,1,0,0
13:51:20 Oct 22 2024,96,93,1,0,0
13:51:24 Oct 22 2024,96,96,1,0,0
13:51:28 Oct 22 2024,95,97,1,0,0
13:51:32 Oct 22 2024,94,96,1,0,0

