Hora,Nivel de oxígeno,Frecuencia de pulso,Movimiento,Recordatorio de O2,Recordatorio de PR
16:16:57 Oct 03 2024,96,90,1,0,0
16:17:01 Oct 03 2024,95,86,1,0,0
16:17:05 Oct 03 2024,95,80,1,0,0
16:17:09 Oct 03 2024,94,75,1,0,0
16:17:13 Oct 03 2024,94,73,1,0,0
16:17:17 Oct 03 2024,95,75,1,0,0
16:17:21 Oct 03 2024,95,73,1,0,0
16:17:25 Oct 03 2024,96,73,0,0,0
16:17:29 Oct 03 2024,96,76,1,0,0
16:17:33 Oct 03 2024,95,76,1,0,0
16:17:37 Oct 03 2024,95,75,1,0,0
16:17:41 Oct 03 2024,95,74,1,0,0
16:17:45 Oct 03 2024,95,75,1,0,0
16:17:49 Oct 03 2024,95,78,1,0,0
16:17:53 Oct 03 2024,95,79,1,0,0
16:17:57 Oct 03 2024,95,76,1,0,0
16:18:01 Oct 03 2024,95,76,0,0,0
16:18:05 Oct 03 2024,95,73,1,0,0
16:18:09 Oct 03 2024,95,78,1,0,0
16:18:13 Oct 03 2024,95,77,1,0,0
16:18:17 Oct 03 2024,95,73,1,0,0
16:18:21 Oct 03 2024,95,74,1,0,0

