Hora,Nivel de oxígeno,Frecuencia de pulso,Movimiento,Recordatorio de O2,Recordatorio de PR
12:29:57 Oct 07 2024,97,67,1,0,0
12:30:01 Oct 07 2024,96,68,1,0,0
12:30:05 Oct 07 2024,96,67,1,0,0
12:30:09 Oct 07 2024,96,67,1,0,0
12:30:13 Oct 07 2024,96,67,1,0,0
12:30:17 Oct 07 2024,96,66,1,0,0
12:30:21 Oct 07 2024,96,67,1,0,0
12:30:25 Oct 07 2024,96,67,1,0,0
12:30:29 Oct 07 2024,96,69,1,0,0
12:30:33 Oct 07 2024,96,72,1,0,0
12:30:37 Oct 07 2024,96,74,1,0,0
12:30:41 Oct 07 2024,96,78,1,0,0
12:30:45 Oct 07 2024,96,82,1,0,0
12:30:49 Oct 07 2024,96,75,1,0,0
12:30:53 Oct 07 2024,96,66,1,0,0
12:30:57 Oct 07 2024,95,63,1,0,0
12:31:01 Oct 07 2024,95,65,1,0,0
12:31:05 Oct 07 2024,96,69,1,0,0
12:31:09 Oct 07 2024,96,71,1,0,0
12:31:13 Oct 07 2024,97,71,1,0,0
12:31:17 Oct 07 2024,97,66,1,0,0
12:31:21 Oct 07 2024,97,65,1,0,0
12:31:25 Oct 07 2024,96,64,1,0,0
12:31:29 Oct 07 2024,96,63,1,0,0
12:31:33 Oct 07 2024,96,63,1,0,0
12:31:37 Oct 07 2024,96,63,1,0,0
12:31:41 Oct 07 2024,96,64,1,0,0
12:31:45 Oct 07 2024,96,66,1,0,0
12:31:49 Oct 07 2024,96,66,1,0,0
12:31:53 Oct 07 2024,96,65,2,0,0
12:31:57 Oct 07 2024,96,66,1,0,0
12:32:01 Oct 07 2024,96,67,1,0,0
12:32:05 Oct 07 2024,96,69,1,0,0
12:32:09 Oct 07 2024,96,70,1,0,0
12:32:13 Oct 07 2024,96,68,1,0,0
12:32:17 Oct 07 2024,96,69,1,0,0
