Hora,Nivel de oxígeno,Frecuencia de pulso,Movimiento,Recordatorio de O2,Recordatorio de PR
16:34:03 Oct 03 2024,94,71,1,0,0
16:34:07 Oct 03 2024,93,70,25,0,0
16:34:11 Oct 03 2024,93,76,20,0,0
16:34:15 Oct 03 2024,92,79,12,0,0
16:34:19 Oct 03 2024,90,78,7,0,0
16:34:23 Oct 03 2024,90,78,26,0,0
16:34:27 Oct 03 2024,91,77,5,0,0
16:34:31 Oct 03 2024,92,78,1,0,0
16:34:35 Oct 03 2024,92,78,1,0,0
16:34:39 Oct 03 2024,92,76,1,0,0
16:34:43 Oct 03 2024,91,77,1,0,0
16:34:47 Oct 03 2024,90,76,1,0,0
16:34:51 Oct 03 2024,89,73,25,1,0
16:34:55 Oct 03 2024,90,74,25,0,0
16:34:59 Oct 03 2024,90,74,22,0,0
16:35:03 Oct 03 2024,91,72,23,0,0
16:35:07 Oct 03 2024,91,73,1,0,0
16:35:11 Oct 03 2024,90,72,1,0,0
16:35:15 Oct 03 2024,90,73,1,0,0
16:35:19 Oct 03 2024,90,72,1,0,0
16:35:23 Oct 03 2024,91,71,1,0,0
16:35:27 Oct 03 2024,91,76,1,0,0
16:35:31 Oct 03 2024,91,79,1,0,0
16:35:35 Oct 03 2024,90,75,1,0,0
16:35:39 Oct 03 2024,90,72,1,0,0
16:35:43 Oct 03 2024,90,73,8,0,0

