Hora,Nivel de oxígeno,Frecuencia de pulso,Movimiento,Recordatorio de O2,Recordatorio de PR
13:44:17 Oct 07 2024,97,67,11,0,0
13:44:21 Oct 07 2024,97,69,1,0,0
13:44:25 Oct 07 2024,97,74,1,0,0
13:44:29 Oct 07 2024,97,73,1,0,0
13:44:33 Oct 07 2024,97,70,1,0,0
13:44:37 Oct 07 2024,97,67,1,0,0
13:44:41 Oct 07 2024,97,74,1,0,0
13:44:45 Oct 07 2024,97,73,1,0,0
13:44:49 Oct 07 2024,97,73,23,0,0
13:44:53 Oct 07 2024,97,73,10,0,0
13:44:57 Oct 07 2024,97,73,9,0,0
13:45:01 Oct 07 2024,97,72,1,0,0
13:45:05 Oct 07 2024,97,66,1,0,0
13:45:09 Oct 07 2024,97,66,1,0,0
13:45:13 Oct 07 2024,97,69,1,0,0
13:45:17 Oct 07 2024,97,73,1,0,0
13:45:21 Oct 07 2024,97,73,1,0,0
13:45:25 Oct 07 2024,97,70,1,0,0
13:45:29 Oct 07 2024,97,67,1,0,0
13:45:33 Oct 07 2024,97,69,1,0,0
13:45:37 Oct 07 2024,96,71,1,0,0
13:45:41 Oct 07 2024,96,74,1,0,0
13:45:45 Oct 07 2024,96,76,1,0,0
13:45:49 Oct 07 2024,97,79,1,0,0
13:45:53 Oct 07 2024,97,78,1,0,0
13:45:57 Oct 07 2024,96,71,1,0,0
13:46:01 Oct 07 2024,96,70,0,0,0
13:46:05 Oct 07 2024,97,70,1,0,0
13:46:09 Oct 07 2024,97,72,1,0,0
13:46:13 Oct 07 2024,97,72,1,0,0
13:46:17 Oct 07 2024,96,74,1,0,0
13:46:21 Oct 07 2024,97,79,1,0,0
13:46:25 Oct 07 2024,97,77,1,0,0
13:46:29 Oct 07 2024,97,73,16,0,0

