Hora,Nivel de oxígeno,Frecuencia de pulso,Movimiento,Recordatorio de O2,Recordatorio de PR
13:28:45 Oct 04 2024,94,77,1,0,0
13:28:49 Oct 04 2024,94,73,1,0,0
13:28:53 Oct 04 2024,95,76,1,0,0
13:28:57 Oct 04 2024,95,78,1,0,0
13:29:01 Oct 04 2024,95,75,1,0,0
13:29:05 Oct 04 2024,95,77,1,0,0
13:29:09 Oct 04 2024,96,77,1,0,0
13:29:13 Oct 04 2024,96,76,1,0,0
13:29:17 Oct 04 2024,96,76,1,0,0
13:29:21 Oct 04 2024,96,77,1,0,0
13:29:25 Oct 04 2024,95,76,1,0,0
13:29:29 Oct 04 2024,95,75,1,0,0
13:29:33 Oct 04 2024,95,74,1,0,0
13:29:37 Oct 04 2024,95,73,1,0,0
13:29:41 Oct 04 2024,96,76,1,0,0
13:29:45 Oct 04 2024,96,81,1,0,0
13:29:49 Oct 04 2024,96,81,15,0,0
13:29:53 Oct 04 2024,96,80,1,0,0
13:29:57 Oct 04 2024,96,81,1,0,0
13:30:01 Oct 04 2024,96,79,1,0,0
13:30:05 Oct 04 2024,96,73,4,0,0

