Hora,Nivel de oxígeno,Frecuencia de pulso,Movimiento,Recordatorio de O2,Recordatorio de PR
13:30:04 Oct 14 2024,92,62,1,0,0
13:30:08 Oct 14 2024,91,61,1,0,0
13:30:12 Oct 14 2024,93,61,1,0,0
13:30:16 Oct 14 2024,94,61,1,0,0
13:30:20 Oct 14 2024,95,61,1,0,0
13:30:24 Oct 14 2024,94,62,1,0,0
13:30:28 Oct 14 2024,94,63,1,0,0
13:30:32 Oct 14 2024,94,64,1,0,0
13:30:36 Oct 14 2024,93,63,1,0,0
13:30:40 Oct 14 2024,93,63,1,0,0
13:30:44 Oct 14 2024,92,63,1,0,0
13:30:48 Oct 14 2024,92,62,1,0,0
13:30:52 Oct 14 2024,93,62,1,0,0
13:30:56 Oct 14 2024,93,63,1,0,0
13:31:00 Oct 14 2024,93,62,1,0,0
13:31:04 Oct 14 2024,93,62,1,0,0
13:31:08 Oct 14 2024,93,61,1,0,0
13:31:12 Oct 14 2024,94,60,1,0,0
13:31:16 Oct 14 2024,94,59,1,0,0
13:31:20 Oct 14 2024,94,59,1,0,0
13:31:24 Oct 14 2024,94,60,1,0,0
13:31:28 Oct 14 2024,94,60,1,0,0
13:31:32 Oct 14 2024,94,61,1,0,0
13:31:36 Oct 14 2024,94,62,1,0,0
13:31:40 Oct 14 2024,94,63,1,0,0
13:31:44 Oct 14 2024,94,63,1,0,0
13:31:48 Oct 14 2024,95,64,1,0,0
13:31:52 Oct 14 2024,95,64,0,0,0
13:31:56 Oct 14 2024,95,63,8,0,0

