Hora,Nivel de oxígeno,Frecuencia de pulso,Movimiento,Recordatorio de O2,Recordatorio de PR
14:10:42 Oct 08 2024,95,80,1,0,0
14:10:46 Oct 08 2024,95,79,1,0,0
14:10:50 Oct 08 2024,95,79,15,0,0
14:10:54 Oct 08 2024,95,80,1,0,0
14:10:58 Oct 08 2024,95,80,1,0,0
14:11:02 Oct 08 2024,95,78,1,0,0
14:11:06 Oct 08 2024,95,77,1,0,0
14:11:10 Oct 08 2024,95,78,1,0,0
14:11:14 Oct 08 2024,96,79,1,0,0
14:11:18 Oct 08 2024,95,78,1,0,0
14:11:22 Oct 08 2024,95,77,1,0,0
14:11:26 Oct 08 2024,95,78,1,0,0
14:11:30 Oct 08 2024,95,80,1,0,0
14:11:34 Oct 08 2024,95,79,1,0,0
14:11:38 Oct 08 2024,95,78,1,0,0
14:11:42 Oct 08 2024,94,80,1,0,0
14:11:46 Oct 08 2024,95,82,1,0,0
14:11:50 Oct 08 2024,96,78,1,0,0
14:11:54 Oct 08 2024,95,77,1,0,0
14:11:58 Oct 08 2024,95,80,1,0,0
14:12:02 Oct 08 2024,95,81,1,0,0
14:12:06 Oct 08 2024,95,80,1,0,0
14:12:10 Oct 08 2024,95,81,1,0,0
14:12:14 Oct 08 2024,95,86,1,0,0
14:12:18 Oct 08 2024,95,86,1,0,0
14:12:22 Oct 08 2024,95,83,1,0,0
