Hora,Nivel de oxígeno,Frecuencia de pulso,Movimiento,Recordatorio de O2,Recordatorio de PR
13:19:00 Oct 07 2024,93,56,0,0,0
13:19:04 Oct 07 2024,93,58,1,0,0
13:19:08 Oct 07 2024,93,58,0,0,0
13:19:12 Oct 07 2024,93,59,1,0,0
13:19:16 Oct 07 2024,94,59,0,0,0
13:19:20 Oct 07 2024,94,59,1,0,0
13:19:24 Oct 07 2024,93,59,12,0,0
13:19:28 Oct 07 2024,94,59,0,0,0
13:19:32 Oct 07 2024,95,58,0,0,0
13:19:36 Oct 07 2024,96,59,1,0,0
13:19:40 Oct 07 2024,95,59,1,0,0
13:19:44 Oct 07 2024,95,59,1,0,0
13:19:48 Oct 07 2024,94,60,0,0,0
13:19:52 Oct 07 2024,94,60,11,0,0
13:19:56 Oct 07 2024,94,61,1,0,0
13:20:00 Oct 07 2024,94,63,1,0,0
13:20:04 Oct 07 2024,94,66,1,0,0
13:20:08 Oct 07 2024,94,63,0,0,0
13:20:12 Oct 07 2024,94,59,0,0,0
13:20:16 Oct 07 2024,94,58,1,0,0
13:20:20 Oct 07 2024,94,58,1,0,0
13:20:24 Oct 07 2024,95,58,0,0,0
13:20:28 Oct 07 2024,95,60,0,0,0
13:20:32 Oct 07 2024,95,60,1,0,0
13:20:36 Oct 07 2024,95,59,0,0,0
13:20:40 Oct 07 2024,95,58,1,0,0
13:20:44 Oct 07 2024,95,58,0,0,0
13:20:48 Oct 07 2024,95,58,1,0,0
13:20:52 Oct 07 2024,95,57,1,0,0
13:20:56 Oct 07 2024,95,59,0,0,0
13:21:00 Oct 07 2024,95,60,1,0,0
13:21:04 Oct 07 2024,95,60,1,0,0
13:21:08 Oct 07 2024,95,60,1,0,0
13:21:12 Oct 07 2024,95,62,0,0,0
13:21:16 Oct 07 2024,95,62,1,0,0
13:21:20 Oct 07 2024,96,58,1,0,0
13:21:24 Oct 07 2024,96,57,24,0,0
