Hora,Nivel de oxígeno,Frecuencia de pulso,Movimiento,Recordatorio de O2,Recordatorio de PR
10:45:24 Oct 22 2024,95,84,1,0,0
10:45:28 Oct 22 2024,95,82,0,0,0
10:45:32 Oct 22 2024,95,79,1,0,0
10:45:36 Oct 22 2024,94,81,0,0,0
10:45:40 Oct 22 2024,95,83,1,0,0
10:45:44 Oct 22 2024,96,83,1,0,0
10:45:48 Oct 22 2024,96,83,0,0,0
10:45:52 Oct 22 2024,96,84,1,0,0
10:45:56 Oct 22 2024,96,86,0,0,0
10:46:00 Oct 22 2024,96,90,1,0,0
10:46:04 Oct 22 2024,96,91,1,0,0
10:46:08 Oct 22 2024,96,92,1,0,0
10:46:12 Oct 22 2024,95,91,1,0,0
10:46:16 Oct 22 2024,95,90,1,0,0
10:46:20 Oct 22 2024,95,88,1,0,0
10:46:24 Oct 22 2024,95,86,1,0,0
10:46:28 Oct 22 2024,95,86,1,0,0
10:46:32 Oct 22 2024,95,87,1,0,0
10:46:36 Oct 22 2024,95,88,0,0,0
10:46:40 Oct 22 2024,95,87,1,0,0
10:46:44 Oct 22 2024,96,87,1,0,0
10:46:48 Oct 22 2024,96,88,1,0,0
10:46:52 Oct 22 2024,96,90,0,0,0
10:46:56 Oct 22 2024,96,87,1,0,0
10:47:00 Oct 22 2024,96,86,1,0,0
10:47:04 Oct 22 2024,95,89,1,0,0
10:47:08 Oct 22 2024,95,87,1,0,0
10:47:12 Oct 22 2024,95,84,1,0,0
10:47:16 Oct 22 2024,95,84,1,0,0
10:47:20 Oct 22 2024,95,84,1,0,0
10:47:24 Oct 22 2024,95,86,1,0,0
10:47:28 Oct 22 2024,95,86,1,0,0
10:47:32 Oct 22 2024,95,88,1,0,0
10:47:36 Oct 22 2024,95,89,1,0,0
10:47:40 Oct 22 2024,95,86,1,0,0
