Hora,Nivel de oxígeno,Frecuencia de pulso,Movimiento,Recordatorio de O2,Recordatorio de PR
13:43:03 Oct 14 2024,92,75,1,0,0
13:43:07 Oct 14 2024,93,75,0,0,0
13:43:11 Oct 14 2024,94,75,0,0,0
13:43:15 Oct 14 2024,93,76,1,0,0
13:43:19 Oct 14 2024,93,75,1,0,0
13:43:23 Oct 14 2024,94,75,1,0,0
13:43:27 Oct 14 2024,94,75,1,0,0
13:43:31 Oct 14 2024,94,74,1,0,0
13:43:35 Oct 14 2024,93,71,0,0,0
13:43:39 Oct 14 2024,94,71,0,0,0
13:43:43 Oct 14 2024,94,75,0,0,0
13:43:47 Oct 14 2024,93,77,1,0,0
13:43:51 Oct 14 2024,92,81,1,0,0
13:43:55 Oct 14 2024,92,79,1,0,0
13:43:59 Oct 14 2024,93,76,0,0,0
13:44:03 Oct 14 2024,95,82,1,0,0
13:44:07 Oct 14 2024,94,86,1,0,0
13:44:11 Oct 14 2024,93,87,0,0,0
13:44:15 Oct 14 2024,93,84,0,0,0
13:44:19 Oct 14 2024,94,79,1,0,0
13:44:23 Oct 14 2024,94,74,1,0,0

