Hora,Nivel de oxígeno,Frecuencia de pulso,Movimiento,Recordatorio de O2,Recordatorio de PR
14:17:12 Oct 22 2024,95,85,4,0,0
14:17:16 Oct 22 2024,95,85,1,0,0
14:17:20 Oct 22 2024,95,85,42,0,0
14:17:24 Oct 22 2024,96,84,6,0,0
14:17:28 Oct 22 2024,96,86,0,0,0
14:17:32 Oct 22 2024,95,85,1,0,0
14:17:36 Oct 22 2024,95,86,1,0,0
14:17:40 Oct 22 2024,96,87,0,0,0
14:17:44 Oct 22 2024,96,86,0,0,0
14:17:48 Oct 22 2024,95,83,0,0,0
14:17:52 Oct 22 2024,96,82,1,0,0
14:17:56 Oct 22 2024,95,83,0,0,0
14:18:00 Oct 22 2024,95,83,0,0,0
14:18:04 Oct 22 2024,94,81,0,0,0
14:18:08 Oct 22 2024,94,81,1,0,0
14:18:12 Oct 22 2024,95,83,0,0,0
14:18:16 Oct 22 2024,96,85,0,0,0
14:18:20 Oct 22 2024,96,86,1,0,0
14:18:24 Oct 22 2024,95,85,1,0,0
14:18:28 Oct 22 2024,95,84,0,0,0
14:18:32 Oct 22 2024,96,84,0,0,0
14:18:36 Oct 22 2024,96,86,0,0,0
14:18:40 Oct 22 2024,96,88,1,0,0
14:18:44 Oct 22 2024,95,87,1,0,0
14:18:48 Oct 22 2024,95,86,11,0,0
14:18:52 Oct 22 2024,96,85,1,0,0
14:18:56 Oct 22 2024,96,86,1,0,0
14:19:00 Oct 22 2024,96,85,1,0,0

