Hora,Nivel de oxígeno,Frecuencia de pulso,Movimiento,Recordatorio de O2,Recordatorio de PR
16:22:13 Oct 03 2024,97,72,1,0,0
16:22:17 Oct 03 2024,97,69,1,0,0
16:22:21 Oct 03 2024,97,68,1,0,0
16:22:25 Oct 03 2024,97,70,1,0,0
16:22:29 Oct 03 2024,97,71,1,0,0
16:22:33 Oct 03 2024,97,74,1,0,0
16:22:37 Oct 03 2024,97,72,1,0,0
16:22:41 Oct 03 2024,97,71,1,0,0
16:22:45 Oct 03 2024,97,71,1,0,0
16:22:49 Oct 03 2024,97,71,1,0,0
16:22:53 Oct 03 2024,96,77,1,0,0
16:22:57 Oct 03 2024,96,87,1,0,0
16:23:01 Oct 03 2024,96,86,1,0,0
16:23:05 Oct 03 2024,96,87,1,0,0
16:23:09 Oct 03 2024,96,88,1,0,0
16:23:13 Oct 03 2024,96,82,1,0,0
16:23:17 Oct 03 2024,97,77,1,0,0
16:23:21 Oct 03 2024,96,81,1,0,0
16:23:25 Oct 03 2024,96,85,1,0,0
16:23:29 Oct 03 2024,96,82,1,0,0
16:23:33 Oct 03 2024,96,80,1,0,0
16:23:37 Oct 03 2024,96,81,1,0,0
16:23:41 Oct 03 2024,96,80,1,0,0
16:23:45 Oct 03 2024,96,75,1,0,0
16:23:49 Oct 03 2024,96,79,1,0,0
16:23:53 Oct 03 2024,96,78,1,0,0
16:23:57 Oct 03 2024,96,75,1,0,0
16:24:01 Oct 03 2024,96,77,1,0,0
16:24:05 Oct 03 2024,96,77,1,0,0
16:24:09 Oct 03 2024,96,73,1,0,0
16:24:13 Oct 03 2024,96,70,1,0,0

