Hora,Nivel de oxígeno,Frecuencia de pulso,Movimiento,Recordatorio de O2,Recordatorio de PR
12:57:27 Oct 08 2024,95,75,1,0,0
12:57:31 Oct 08 2024,95,79,1,0,0
12:57:35 Oct 08 2024,95,79,12,0,0
12:57:39 Oct 08 2024,95,79,106,0,0
12:57:43 Oct 08 2024,95,79,8,0,0
12:57:47 Oct 08 2024,95,81,1,0,0
12:57:51 Oct 08 2024,95,81,1,0,0
12:57:55 Oct 08 2024,95,83,1,0,0
12:57:59 Oct 08 2024,95,81,1,0,0
12:58:03 Oct 08 2024,95,79,1,0,0
12:58:07 Oct 08 2024,96,77,1,0,0
12:58:11 Oct 08 2024,96,76,1,0,0
12:58:15 Oct 08 2024,96,75,1,0,0
12:58:19 Oct 08 2024,96,71,1,0,0
12:58:23 Oct 08 2024,96,71,1,0,0
12:58:27 Oct 08 2024,96,73,2,0,0
12:58:31 Oct 08 2024,96,73,1,0,0
12:58:35 Oct 08 2024,95,73,1,0,0
12:58:39 Oct 08 2024,96,76,1,0,0
12:58:43 Oct 08 2024,96,75,1,0,0
12:58:47 Oct 08 2024,96,77,1,0,0
12:58:51 Oct 08 2024,96,81,1,0,0
12:58:55 Oct 08 2024,96,81,1,0,0
12:58:59 Oct 08 2024,96,81,1,0,0
12:59:03 Oct 08 2024,96,80,1,0,0
12:59:07 Oct 08 2024,96,79,1,0,0
12:59:11 Oct 08 2024,96,79,1,0,0
12:59:15 Oct 08 2024,96,79,20,0,0

