Hora,Nivel de oxígeno,Frecuencia de pulso,Movimiento,Recordatorio de O2,Recordatorio de PR
10:59:47 Oct 04 2024,97,81,1,0,0
10:59:51 Oct 04 2024,98,81,1,0,0
10:59:55 Oct 04 2024,98,81,8,0,0
10:59:59 Oct 04 2024,98,84,0,0,0
11:00:03 Oct 04 2024,98,86,1,0,0
11:00:07 Oct 04 2024,97,81,0,0,0
11:00:11 Oct 04 2024,97,80,56,0,0
11:00:15 Oct 04 2024,97,78,5,0,0
11:00:19 Oct 04 2024,96,84,1,0,0
11:00:23 Oct 04 2024,96,84,1,0,0
11:00:27 Oct 04 2024,97,82,0,0,0
11:00:31 Oct 04 2024,96,84,0,0,0
11:00:35 Oct 04 2024,96,84,1,0,0
11:00:39 Oct 04 2024,97,84,1,0,0
11:00:43 Oct 04 2024,97,84,0,0,0
11:00:47 Oct 04 2024,97,85,0,0,0
11:00:51 Oct 04 2024,96,85,0,0,0
11:00:55 Oct 04 2024,96,85,0,0,0
11:00:59 Oct 04 2024,96,90,1,0,0
11:01:03 Oct 04 2024,96,89,1,0,0
11:01:07 Oct 04 2024,96,91,1,0,0
11:01:11 Oct 04 2024,96,90,0,0,0
11:01:15 Oct 04 2024,96,87,0,0,0
11:01:19 Oct 04 2024,96,92,0,0,0
11:01:23 Oct 04 2024,96,95,0,0,0
11:01:27 Oct 04 2024,96,94,0,0,0
11:01:31 Oct 04 2024,96,90,0,0,0
11:01:35 Oct 04 2024,97,87,0,0,0
11:01:39 Oct 04 2024,96,86,0,0,0
11:01:43 Oct 04 2024,97,87,0,0,0
11:01:47 Oct 04 2024,97,88,1,0,0
11:01:51 Oct 04 2024,97,87,0,0,0
11:01:55 Oct 04 2024,97,87,0,0,0
11:01:59 Oct 04 2024,97,87,0,0,0
11:02:03 Oct 04 2024,97,86,1,0,0
11:02:07 Oct 04 2024,97,84,1,0,0
11:02:11 Oct 04 2024,97,81,1,0,0
11:02:15 Oct 04 2024,97,83,0,0,0
11:02:19 Oct 04 2024,97,81,0,0,0
11:02:23 Oct 04 2024,97,81,0,0,0
11:02:27 Oct 04 2024,97,83,0,0,0
11:02:31 Oct 04 2024,97,81,0,0,0
11:02:35 Oct 04 2024,97,82,0,0,0
11:02:39 Oct 04 2024,97,81,35,0,0

