Hora,Nivel de oxígeno,Frecuencia de pulso,Movimiento,Recordatorio de O2,Recordatorio de PR
12:52:26 Oct 09 2024,96,56,2,0,0
12:52:30 Oct 09 2024,95,56,1,0,0
12:52:34 Oct 09 2024,95,57,15,0,0
12:52:38 Oct 09 2024,95,60,30,0,0
12:52:42 Oct 09 2024,95,60,19,0,0
12:52:46 Oct 09 2024,95,61,1,0,0
12:52:50 Oct 09 2024,96,59,1,0,0
12:52:54 Oct 09 2024,96,61,1,0,0
12:52:58 Oct 09 2024,96,60,1,0,0
12:53:02 Oct 09 2024,96,59,1,0,0
12:53:06 Oct 09 2024,96,58,1,0,0
12:53:10 Oct 09 2024,95,58,1,0,0
12:53:14 Oct 09 2024,95,61,3,0,0
12:53:18 Oct 09 2024,94,70,1,0,0
12:53:22 Oct 09 2024,94,76,1,0,0
12:53:26 Oct 09 2024,95,72,1,0,0
12:53:30 Oct 09 2024,96,70,1,0,0
12:53:34 Oct 09 2024,95,63,1,0,0
12:53:38 Oct 09 2024,94,58,1,0,0
12:53:42 Oct 09 2024,94,55,1,0,0
12:53:46 Oct 09 2024,95,55,0,0,0
12:53:50 Oct 09 2024,96,56,1,0,0
12:53:54 Oct 09 2024,96,54,0,0,0
12:53:58 Oct 09 2024,95,55,1,0,0
12:54:02 Oct 09 2024,95,57,1,0,0
12:54:06 Oct 09 2024,95,59,1,0,0
12:54:10 Oct 09 2024,96,60,1,0,0
12:54:14 Oct 09 2024,95,66,1,0,0
12:54:18 Oct 09 2024,95,65,1,0,0
12:54:22 Oct 09 2024,96,65,0,0,0
12:54:26 Oct 09 2024,96,64,1,0,0
12:54:30 Oct 09 2024,95,62,1,0,0
12:54:34 Oct 09 2024,95,65,1,0,0
12:54:38 Oct 09 2024,96,67,1,0,0
12:54:42 Oct 09 2024,95,62,1,0,0
12:54:46 Oct 09 2024,94,56,1,0,0

