Hora,Nivel de oxígeno,Frecuencia de pulso,Movimiento,Recordatorio de O2,Recordatorio de PR
13:40:38 Oct 08 2024,95,61,1,0,0
13:40:42 Oct 08 2024,95,61,0,0,0
13:40:46 Oct 08 2024,95,60,1,0,0
13:40:50 Oct 08 2024,95,61,1,0,0
13:40:54 Oct 08 2024,95,64,1,0,0
13:40:58 Oct 08 2024,96,65,1,0,0
13:41:02 Oct 08 2024,96,65,0,0,0
13:41:06 Oct 08 2024,96,66,1,0,0
13:41:10 Oct 08 2024,96,67,1,0,0
13:41:14 Oct 08 2024,96,67,1,0,0
13:41:18 Oct 08 2024,96,66,1,0,0
13:41:22 Oct 08 2024,96,65,1,0,0
13:41:26 Oct 08 2024,96,65,14,0,0
13:41:30 Oct 08 2024,96,65,11,0,0
13:41:34 Oct 08 2024,96,65,10,0,0
13:41:38 Oct 08 2024,96,65,79,0,0
13:41:42 Oct 08 2024,96,65,83,0,0
13:41:46 Oct 08 2024,96,65,2,0,0
13:41:50 Oct 08 2024,96,64,0,0,0
13:41:54 Oct 08 2024,95,63,1,0,0
13:41:58 Oct 08 2024,95,64,1,0,0
13:42:02 Oct 08 2024,95,63,1,0,0
13:42:06 Oct 08 2024,95,63,1,0,0
13:42:10 Oct 08 2024,95,64,1,0,0
13:42:14 Oct 08 2024,96,64,1,0,0
13:42:18 Oct 08 2024,96,64,1,0,0
13:42:22 Oct 08 2024,96,65,0,0,0
13:42:26 Oct 08 2024,96,66,1,0,0
13:42:30 Oct 08 2024,96,67,1,0,0
13:42:34 Oct 08 2024,96,66,1,0,0
13:42:38 Oct 08 2024,96,65,1,0,0
13:42:42 Oct 08 2024,96,65,1,0,0
13:42:46 Oct 08 2024,96,66,1,0,0
13:42:50 Oct 08 2024,96,66,1,0,0
13:42:54 Oct 08 2024,95,69,1,0,0
13:42:58 Oct 08 2024,95,74,1,0,0
13:43:02 Oct 08 2024,96,74,0,0,0
13:43:06 Oct 08 2024,96,73,9,0,0
